0 9889
1 9875
2 9861
3 9856
4 9847
5 9831
6 9815
7 9797
8 9778
9 9754
10 9713
11 9679
12 9634
13 9610
14 9585
15 9541
16 9506
17 9440
18 9390
19 9368
20 9291
21 9229
22 9180
23 9133
24 9063
25 9004
26 8935
27 8852
28 8797
29 8719
30 8680
31 8604
32 8519
33 8433
34 8388
35 8334
36 8294
37 8278
38 8266
39 8216
40 8166
41 8140
42 8113
43 8128
44 8154
45 8195
46 8190
47 8205
48 8229
49 8276
50 8312
51 8340
52 8365
53 8397
54 8442
55 8493
56 8544
57 8629
58 8700
59 8754
60 8795
61 8831
62 8860
63 8892
64 8942
65 8985
66 9029
67 9037
68 9046
69 9101
70 9116
71 9152
72 9168
73 9197
74 9219
75 9253
76 9267
77 9296
78 9340
79 9362
80 9383
81 9403
82 9425
83 9436
84 9461
85 9477
86 9498
87 9520
88 9529
89 9544
90 9564
91 9588
92 9590
93 9598
94 9619
95 9630
96 9630
97 9630
98 9647
99 9641
100 9652
101 9668
102 9673
103 9685
104 9693
105 9697
106 9692
107 9702
108 9716
109 9712
110 9715
111 9717
112 9726
113 9727
114 9725
115 9723
116 9716
117 9717
118 9719
119 9726
120 9720
121 9728
122 9735
123 9733
124 9728
125 9731
126 9731
127 9737
128 9742
129 9740
130 9735
131 9730
132 9732
133 9729
134 9722
135 9718
136 9712
137 9712
138 9705
139 9700
140 9692
141 9683
142 9685
143 9673
144 9661
145 9659
146 9638
147 9620
148 9623
149 9621
150 9603
151 9593
152 9583
153 9591
154 9570
155 9560
156 9570
157 9566
158 9540
159 9524
160 9514
161 9508
162 9507
163 9484
164 9467
165 9445
166 9428
167 9419
168 9417
169 9398
170 9403
171 9388
172 9365
173 9357
174 9365
175 9358
176 9327
177 9306
178 9290
179 9277
180 9256
181 9223
182 9208
183 9189
184 9181
185 9185
186 9182
187 9176
188 9172
189 9165
190 9179
191 9170
192 9176
193 9194
194 9199
195 9159
196 9152
197 9141
198 9136
199 9134
200 9117
201 9101
202 9091
203 9077
204 9093
205 9110
206 9134
207 9152
208 9145
209 9157
210 9155
211 9149
212 9141
213 9146
214 9147
215 9136
216 9142
217 9143
218 9135
219 9131
220 9123
221 9135
222 9158
223 9152
224 9165
225 9182
226 9173
227 9185
228 9220
229 9225
230 9255
231 9271
232 9283
233 9292
234 9307
235 9316
236 9347
237 9352
238 9355
239 9360
240 9361
241 9365
242 9360
243 9369
244 9363
245 9356
246 9365
247 9360
248 9353
249 9346
250 9347
251 9349
252 9365
253 9373
254 9384
255 9382
256 9397
257 9404
258 9400
259 9396
260 9398
261 9408
262 9415
263 9427
264 9438
265 9437
266 9435
267 9425
268 9431
269 9430
270 9440
271 9419
272 9430
273 9450
274 9452
275 9467
276 9473
277 9478
278 9473
279 9478
280 9467
281 9470
282 9477
283 9489
284 9496
285 9485
286 9483
287 9468
288 9478
289 9483
290 9467
291 9467
292 9490
293 9486
294 9475
295 9480
296 9478
297 9479
298 9480
299 9484
300 9476
301 9482
302 9500
303 9520
304 9539
305 9539
306 9545
307 9549
308 9539
309 9535
310 9548
311 9550
312 9561
313 9560
314 9557
315 9555
316 9543
317 9553
318 9550
319 9548
320 9544
321 9542
322 9531
323 9524
324 9516
325 9506
326 9500
327 9487
328 9486
329 9468
330 9459
331 9453
332 9459
333 9453
334 9447
335 9440
336 9444
337 9450
338 9454
339 9454
340 9461
341 9465
342 9457
343 9447
344 9442
345 9446
346 9450
347 9448
348 9443
349 9424
350 9416
351 9406
352 9416
353 9415
354 9423
355 9397
356 9375
357 9394
358 9388
359 9406
360 9398
361 9395
362 9385
363 9385
364 9378
365 9371
366 9345
367 9351
368 9356
369 9364
370 9348
371 9358
372 9359
373 9349
374 9349
375 9361
376 9350
377 9355
378 9372
379 9357
380 9368
381 9369
382 9393
383 9401
384 9393
385 9405
386 9405
387 9406
388 9413
389 9398
390 9398
391 9378
392 9367
393 9366
394 9368
395 9381
396 9388
397 9395
398 9388
399 9373
400 9371
401 9370
402 9372
403 9370
404 9390
405 9379
406 9377
407 9377
408 9379
409 9350
410 9348
411 9347
412 9363
413 9356
414 9347
415 9348
416 9343
417 9319
418 9308
419 9304
420 9311
421 9308
422 9306
423 9291
424 9301
425 9282
426 9291
427 9302
428 9312
429 9316
430 9339
431 9355
432 9370
433 9379
434 9385
435 9393
436 9429
437 9436
438 9435
439 9456
440 9453
441 9457
442 9448
443 9448
444 9422
445 9409
446 9403
447 9413
448 9424
449 9419
450 9423
451 9405
452 9423
453 9433
454 9419
455 9431
456 9436
457 9433
458 9456
459 9455
460 9452
461 9456
462 9451
463 9449
464 9433
465 9440
466 9425
467 9409
468 9391
469 9402
470 9418
471 9405
472 9409
473 9391
474 9375
475 9379
476 9359
477 9371
478 9374
479 9387
480 9396
481 9399
482 9382
483 9396
484 9395
485 9393
486 9404
487 9418
488 9426
489 9446
490 9451
491 9456
492 9465
493 9464
494 9479
495 9471
496 9479
497 9475
498 9470
499 9453
500 9436
501 9427
502 9437
503 9414
504 9423
505 9437
506 9436
507 9451
508 9466
509 9480
510 9465
511 9465
512 9456
513 9435
514 9424
515 9417
516 9410
517 9405
518 9393
519 9394
520 9387
521 9385
522 9376
523 9370
524 9384
525 9385
526 9376
527 9371
528 9363
529 9370
530 9373
531 9358
532 9362
533 9352
534 9368
535 9359
536 9350
537 9355
538 9349
539 9340
540 9356
541 9378
542 9366
543 9371
544 9391
545 9389
546 9391
547 9387
548 9401
549 9432
550 9421
551 9424
552 9418
553 9416
554 9415
555 9402
556 9411
557 9403
558 9412
559 9404
560 9410
561 9411
562 9406
563 9402
564 9417
565 9429
566 9416
567 9407
568 9416
569 9427
570 9422
571 9440
572 9427
573 9407
574 9413
575 9395
576 9389
577 9384
578 9388
579 9371
580 9352
581 9364
582 9356
583 9343
584 9354
585 9341
586 9339
587 9329
588 9325
589 9321
590 9330
591 9334
592 9327
593 9307
594 9301
595 9320
596 9318
597 9327
598 9316
599 9315
600 9305
601 9308
602 9311
603 9316
604 9316
605 9319
606 9294
607 9301
608 9283
609 9295
610 9284
611 9315
612 9314
613 9294
614 9301
615 9314
616 9308
617 9294
618 9308
619 9305
620 9299
621 9274
622 9271
623 9271
624 9282
625 9281
626 9301
627 9297
628 9303
629 9303
630 9339
631 9343
632 9345
633 9337
634 9354
635 9350
636 9333
637 9328
638 9330
639 9340
640 9347
641 9373
642 9377
643 9395
644 9384
645 9395
646 9405
647 9403
648 9388
649 9384
650 9392
651 9395
652 9390
653 9386
654 9383
655 9397
656 9390
657 9383
658 9388
659 9390
660 9381
661 9381
662 9362
663 9346
664 9340
665 9346
666 9364
667 9361
668 9349
669 9324
670 9318
671 9321
672 9320
673 9315
674 9310
675 9307
676 9315
677 9309
678 9308
679 9326
680 9337
681 9345
682 9326
683 9339
684 9372
685 9381
686 9381
687 9379
688 9376
689 9365
690 9358
691 9340
692 9348
693 9355
694 9350
695 9344
696 9334
697 9334
698 9319
699 9311
700 9312
701 9309
702 9316
703 9303
704 9302
705 9317
706 9298
707 9296
708 9287
709 9281
710 9271
711 9273
712 9244
713 9263
714 9279
715 9275
716 9263
717 9255
718 9266
719 9265
720 9274
721 9269
722 9266
723 9244
724 9262
725 9265
726 9273
727 9304
728 9312
729 9328
730 9320
731 9348
732 9360
733 9372
734 9389
735 9379
736 9377
737 9404
738 9404
739 9415
740 9412
741 9426
742 9437
743 9441
744 9416
745 9413
746 9433
747 9426
748 9426
749 9423
750 9423
751 9425
752 9432
753 9429
754 9424
755 9419
756 9427
757 9419
758 9438
759 9449
760 9465
761 9480
762 9473
763 9466
764 9471
765 9488
766 9483
767 9492
768 9496
769 9481
770 9480
771 9501
772 9496
773 9493
774 9477
775 9465
776 9473
777 9464
778 9464
779 9466
780 9463
781 9448
782 9438
783 9431
784 9426
785 9419
786 9438
787 9427
788 9427
789 9428
790 9422
791 9428
792 9435
793 9426
794 9428
795 9431
796 9459
797 9439
798 9434
799 9441
800 9436
801 9445
802 9437
803 9444
804 9429
805 9429
806 9421
807 9425
808 9422
809 9420
810 9418
811 9425
812 9409
813 9394
814 9399
815 9406
816 9392
817 9381
818 9387
819 9391
820 9383
821 9382
822 9365
823 9356
824 9353
825 9338
826 9345
827 9347
828 9349
829 9370
830 9365
831 9363
832 9363
833 9361
834 9337
835 9333
836 9347
837 9334
838 9330
839 9325
840 9329
841 9310
842 9302
843 9313
844 9311
845 9325
846 9322
847 9306
848 9300
849 9292
850 9302
851 9295
852 9320
853 9332
854 9322
855 9315
856 9321
857 9309
858 9313
859 9305
860 9299
861 9306
862 9321
863 9330
864 9332
865 9327
866 9331
867 9318
868 9326
869 9331
870 9339
871 9319
872 9317
873 9327
874 9314
875 9308
876 9303
877 9308
878 9316
879 9324
880 9330
881 9346
882 9367
883 9382
884 9418
885 9423
886 9445
887 9453
888 9467
889 9455
890 9444
891 9453
892 9465
893 9465
894 9466
895 9476
896 9469
897 9459
898 9448
899 9462
900 9456
901 9450
902 9452
903 9428
904 9442
905 9456
906 9460
907 9456
908 9437
909 9449
910 9449
911 9439
912 9419
913 9409
914 9413
915 9418
916 9435
917 9430
918 9443
919 9434
920 9434
921 9454
922 9450
923 9473
924 9476
925 9465
926 9460
927 9461
928 9456
929 9472
930 9464
931 9442
932 9466
933 9470
934 9462
935 9460
936 9462
937 9460
938 9466
939 9453
940 9435
941 9431
942 9425
943 9416
944 9416
945 9399
946 9393
947 9401
948 9397
949 9398
950 9384
951 9389
952 9375
953 9344
954 9345
955 9370
956 9358
957 9353
958 9345
959 9337
960 9316
961 9304
962 9310
963 9322
964 9315
965 9322
966 9315
967 9326
968 9335
969 9314
970 9303
971 9309
972 9308
973 9302
974 9294
975 9309
976 9306
977 9296
978 9300
979 9334
980 9338
981 9339
982 9321
983 9307
984 9302
985 9325
986 9330
987 9320
988 9323
989 9323
990 9326
991 9323
992 9321
993 9323
994 9318
995 9312
996 9304
997 9300
998 9312
999 9322
1000 9322
1001 9335
1002 9331
1003 9343
1004 9348
1005 9364
1006 9354
1007 9335
1008 9330
1009 9330
1010 9324
1011 9336
1012 9346
1013 9350
1014 9361
1015 9382
1016 9390
1017 9398
1018 9395
1019 9393
1020 9397
1021 9387
1022 9406
1023 9414
1024 9417
1025 9406
1026 9406
1027 9420
1028 9435
1029 9426
1030 9424
1031 9409
1032 9402
1033 9399
1034 9414
1035 9398
1036 9406
1037 9406
1038 9394
1039 9400
1040 9412
1041 9409
1042 9392
1043 9406
1044 9409
1045 9407
1046 9390
1047 9384
1048 9376
1049 9372
1050 9367
1051 9347
1052 9351
1053 9341
1054 9345
1055 9305
1056 9298
1057 9281
1058 9283
1059 9281
1060 9268
1061 9257
1062 9252
1063 9247
1064 9263
1065 9264
1066 9251
1067 9247
1068 9262
1069 9250
1070 9256
1071 9262
1072 9246
1073 9225
1074 9223
1075 9218
1076 9208
1077 9222
1078 9243
1079 9235
1080 9236
1081 9248
1082 9229
1083 9219
1084 9210
1085 9201
1086 9189
1087 9167
1088 9168
1089 9149
1090 9148
1091 9144
1092 9136
1093 9125
1094 9111
1095 9136
1096 9168
1097 9166
1098 9172
1099 9177
1100 9207
1101 9216
1102 9243
1103 9232
1104 9257
1105 9245
1106 9247
1107 9281
1108 9290
1109 9307
1110 9297
1111 9290
1112 9293
1113 9302
1114 9297
1115 9286
1116 9267
1117 9277
1118 9327
1119 9344
1120 9345
1121 9355
1122 9355
1123 9364
1124 9356
1125 9350
1126 9359
1127 9361
1128 9367
1129 9367
1130 9382
1131 9386
1132 9400
1133 9411
1134 9416
1135 9431
1136 9443
1137 9448
1138 9454
1139 9464
1140 9463
1141 9461
1142 9475
1143 9471
1144 9477
1145 9474
1146 9462
1147 9466
1148 9476
1149 9486
1150 9512
1151 9505
1152 9507
1153 9517
1154 9529
1155 9517
1156 9507
1157 9513
1158 9515
1159 9526
1160 9518
1161 9536
1162 9529
1163 9527
1164 9531
1165 9516
1166 9538
1167 9542
1168 9537
1169 9537
1170 9547
1171 9534
1172 9528
1173 9530
1174 9519
1175 9513
1176 9517
1177 9511
1178 9530
1179 9535
1180 9519
1181 9520
1182 9509
1183 9513
1184 9519
1185 9525
1186 9550
1187 9525
1188 9523
1189 9516
1190 9530
1191 9537
1192 9532
1193 9526
1194 9542
1195 9532
1196 9532
1197 9533
1198 9523
1199 9502
1200 9491
1201 9500
1202 9484
1203 9488
1204 9480
1205 9496
1206 9503
1207 9495
1208 9477
1209 9490
1210 9484
1211 9482
1212 9485
1213 9490
1214 9487
1215 9473
1216 9479
1217 9464
1218 9483
1219 9493
1220 9498
1221 9524
1222 9521
1223 9521
1224 9533
1225 9524
1226 9521
1227 9529
1228 9527
1229 9529
1230 9543
1231 9520
1232 9520
1233 9522
1234 9506
1235 9497
1236 9471
1237 9481
1238 9468
1239 9482
1240 9487
1241 9502
1242 9497
1243 9486
1244 9471
1245 9470
1246 9476
1247 9473
1248 9475
1249 9465
1250 9466
1251 9456
1252 9447
1253 9434
1254 9447
1255 9451
1256 9440
1257 9432
1258 9429
1259 9429
1260 9399
1261 9378
1262 9347
1263 9350
1264 9340
1265 9334
1266 9318
1267 9305
1268 9306
1269 9312
1270 9309
1271 9319
1272 9317
1273 9324
1274 9344
1275 9346
1276 9349
1277 9346
1278 9348
1279 9340
1280 9339
1281 9346
1282 9352
1283 9357
1284 9360
1285 9365
1286 9339
1287 9344
1288 9337
1289 9318
1290 9319
1291 9311
1292 9322
1293 9319
1294 9312
1295 9339
1296 9342
1297 9354
1298 9333
1299 9319
1300 9326
1301 9338
1302 9344
1303 9345
1304 9336
1305 9364
1306 9377
1307 9378
1308 9367
1309 9378
1310 9394
1311 9400
1312 9400
1313 9418
1314 9423
1315 9429
1316 9439
1317 9438
1318 9451
1319 9438
1320 9438
1321 9431
1322 9438
1323 9427
1324 9431
1325 9418
1326 9409
1327 9412
1328 9411
1329 9415
1330 9413
1331 9424
1332 9430
1333 9431
1334 9425
1335 9452
1336 9464
1337 9458
1338 9455
1339 9451
1340 9434
1341 9436
1342 9413
1343 9414
1344 9396
1345 9398
1346 9412
1347 9407
1348 9415
1349 9401
1350 9389
1351 9382
1352 9394
1353 9368
1354 9373
1355 9367
1356 9376
1357 9367
1358 9365
1359 9383
1360 9398
1361 9394
1362 9387
1363 9389
1364 9396
1365 9391
1366 9400
1367 9385
1368 9397
1369 9392
1370 9372
1371 9364
1372 9345
1373 9351
1374 9383
1375 9372
1376 9390
1377 9379
1378 9360
1379 9362
1380 9362
1381 9337
1382 9327
1383 9328
1384 9333
1385 9355
1386 9350
1387 9359
1388 9343
1389 9349
1390 9331
1391 9315
1392 9308
1393 9313
1394 9330
1395 9334
1396 9326
1397 9336
1398 9344
1399 9354
1400 9340
1401 9325
1402 9329
1403 9329
1404 9327
1405 9323
1406 9328
1407 9332
1408 9337
1409 9348
1410 9357
1411 9355
1412 9364
1413 9360
1414 9375
1415 9391
1416 9398
1417 9395
1418 9404
1419 9412
1420 9427
1421 9423
1422 9422
1423 9419
1424 9422
1425 9415
1426 9427
1427 9431
1428 9438
1429 9442
1430 9437
1431 9445
1432 9452
1433 9452
1434 9456
1435 9461
1436 9455
1437 9443
1438 9449
1439 9446
1440 9465
1441 9461
1442 9452
1443 9462
1444 9477
1445 9467
1446 9461
1447 9470
1448 9467
1449 9458
1450 9461
1451 9441
1452 9442
1453 9436
1454 9430
1455 9425
1456 9412
1457 9406
1458 9391
1459 9387
1460 9402
1461 9404
1462 9417
1463 9406
1464 9408
1465 9424
1466 9421
1467 9393
1468 9388
1469 9383
1470 9373
1471 9378
1472 9371
1473 9383
1474 9384
1475 9378
1476 9370
1477 9369
1478 9354
1479 9363
1480 9345
1481 9344
1482 9330
1483 9350
1484 9345
1485 9334
1486 9326
1487 9327
1488 9325
1489 9308
1490 9290
1491 9294
1492 9282
1493 9285
1494 9287
1495 9289
1496 9305
1497 9327
1498 9319
1499 9331
1500 9326
1501 9318
1502 9332
1503 9315
1504 9326
1505 9313
1506 9296
1507 9322
1508 9315
1509 9306
1510 9309
1511 9322
1512 9341
1513 9344
1514 9334
1515 9338
1516 9339
1517 9308
1518 9311
1519 9308
1520 9317
1521 9333
1522 9345
1523 9339
1524 9334
1525 9322
1526 9304
1527 9312
1528 9318
1529 9323
1530 9319
1531 9335
1532 9355
1533 9333
1534 9312
1535 9301
1536 9297
1537 9299
1538 9273
1539 9262
1540 9270
1541 9265
1542 9247
1543 9267
1544 9260
1545 9241
1546 9239
1547 9233
1548 9221
1549 9209
1550 9212
1551 9195
1552 9199
1553 9201
1554 9203
1555 9208
1556 9215
1557 9201
1558 9187
1559 9220
1560 9208
1561 9195
1562 9201
1563 9195
1564 9209
1565 9199
1566 9217
1567 9218
1568 9205
1569 9225
1570 9226
1571 9227
1572 9227
1573 9246
1574 9237
1575 9234
1576 9235
1577 9244
1578 9256
1579 9247
1580 9281
1581 9292
1582 9300
1583 9303
1584 9296
1585 9302
1586 9307
1587 9316
1588 9324
1589 9335
1590 9339
1591 9338
1592 9357
1593 9347
1594 9343
1595 9343
1596 9352
1597 9365
1598 9355
1599 9363
1600 9354
1601 9348
1602 9358
1603 9372
1604 9361
1605 9344
1606 9326
1607 9327
1608 9329
1609 9324
1610 9334
1611 9347
1612 9332
1613 9359
1614 9353
1615 9361
1616 9381
1617 9376
1618 9383
1619 9389
1620 9393
1621 9404
1622 9428
1623 9442
1624 9443
1625 9439
1626 9444
1627 9455
1628 9458
1629 9435
1630 9431
1631 9434
1632 9440
1633 9446
1634 9447
1635 9464
1636 9455
1637 9448
1638 9428
1639 9432
1640 9437
1641 9465
1642 9458
1643 9467
1644 9466
1645 9455
1646 9443
1647 9436
1648 9425
1649 9431
1650 9442
1651 9442
1652 9446
1653 9449
1654 9455
1655 9447
1656 9430
1657 9428
1658 9414
1659 9417
1660 9417
1661 9424
1662 9429
1663 9426
1664 9431
1665 9448
1666 9469
1667 9469
1668 9478
1669 9484
1670 9483
1671 9481
1672 9475
1673 9487
1674 9495
1675 9495
1676 9483
1677 9469
1678 9482
1679 9468
1680 9477
1681 9473
1682 9490
1683 9495
1684 9491
1685 9480
1686 9488
1687 9482
1688 9480
1689 9473
1690 9474
1691 9464
1692 9487
1693 9474
1694 9477
1695 9477
1696 9484
1697 9479
1698 9479
1699 9477
1700 9471
1701 9458
1702 9473
1703 9469
1704 9446
1705 9430
1706 9436
1707 9436
1708 9448
1709 9471
1710 9457
1711 9450
1712 9460
1713 9469
1714 9467
1715 9476
1716 9484
1717 9482
1718 9482
1719 9465
1720 9458
1721 9463
1722 9486
1723 9490
1724 9492
1725 9502
1726 9486
1727 9498
1728 9490
1729 9493
1730 9502
1731 9504
1732 9506
1733 9504
1734 9512
1735 9510
1736 9515
1737 9529
1738 9528
1739 9525
1740 9527
1741 9532
1742 9541
1743 9530
1744 9519
1745 9519
1746 9523
1747 9515
1748 9512
1749 9517
1750 9515
1751 9508
1752 9512
1753 9529
1754 9539
1755 9517
1756 9526
1757 9535
1758 9534
1759 9534
1760 9525
1761 9528
1762 9540
1763 9510
1764 9522
1765 9516
1766 9518
1767 9516
1768 9520
1769 9517
1770 9509
1771 9497
1772 9502
1773 9485
1774 9479
1775 9474
1776 9462
1777 9460
1778 9467
1779 9465
1780 9469
1781 9468
1782 9455
1783 9458
1784 9444
1785 9452
1786 9445
1787 9442
1788 9443
1789 9432
1790 9417
1791 9404
1792 9376
1793 9364
1794 9349
1795 9340
1796 9323
1797 9321
1798 9294
1799 9267
1800 9256
1801 9246
1802 9233
1803 9252
1804 9242
1805 9219
1806 9234
1807 9246
1808 9246
1809 9232
1810 9249
1811 9256
1812 9264
1813 9252
1814 9236
1815 9249
1816 9238
1817 9207
1818 9211
1819 9203
1820 9208
1821 9214
1822 9207
1823 9223
1824 9226
1825 9238
1826 9230
1827 9229
1828 9219
1829 9225
1830 9238
1831 9260
1832 9264
1833 9255
1834 9247
1835 9258
1836 9258
1837 9263
1838 9275
1839 9277
1840 9287
1841 9296
1842 9304
1843 9322
1844 9330
1845 9324
1846 9346
1847 9327
1848 9315
1849 9320
1850 9315
1851 9337
1852 9343
1853 9333
1854 9328
1855 9325
1856 9334
1857 9351
1858 9353
1859 9352
1860 9363
1861 9366
1862 9365
1863 9386
1864 9393
1865 9409
1866 9420
1867 9431
1868 9444
1869 9431
1870 9433
1871 9427
1872 9416
1873 9403
1874 9415
1875 9419
1876 9420
1877 9437
1878 9452
1879 9444
1880 9450
1881 9460
1882 9457
1883 9464
1884 9472
1885 9487
1886 9510
1887 9502
1888 9514
1889 9510
1890 9515
1891 9511
1892 9509
1893 9524
1894 9542
1895 9547
1896 9557
1897 9545
1898 9545
1899 9529
1900 9520
1901 9532
1902 9527
1903 9519
1904 9492
1905 9473
1906 9481
1907 9491
1908 9467
1909 9478
1910 9494
1911 9504
1912 9502
1913 9490
1914 9491
1915 9481
1916 9490
1917 9496
1918 9482
1919 9484
1920 9473
1921 9464
1922 9461
1923 9452
1924 9436
1925 9456
1926 9467
1927 9490
1928 9479
1929 9464
1930 9469
1931 9467
1932 9474
1933 9471
1934 9473
1935 9483
1936 9471
1937 9460
1938 9448
1939 9425
1940 9420
1941 9412
1942 9416
1943 9408
1944 9391
1945 9386
1946 9386
1947 9377
1948 9360
1949 9333
1950 9329
1951 9307
1952 9329
1953 9338
1954 9335
1955 9319
1956 9315
1957 9298
1958 9303
1959 9306
1960 9320
1961 9287
1962 9280
1963 9276
1964 9258
1965 9260
1966 9250
1967 9270
1968 9267
1969 9254
1970 9250
1971 9249
1972 9259
1973 9239
1974 9227
1975 9223
1976 9226
1977 9215
1978 9209
1979 9198
1980 9207
1981 9201
1982 9198
1983 9203
1984 9228
1985 9207
1986 9205
1987 9183
1988 9178
1989 9180
1990 9181
1991 9157
1992 9149
1993 9138
1994 9150
1995 9169
1996 9169
1997 9174
1998 9176
1999 9206
2000 9208
2001 9184
2002 9188
2003 9185
2004 9206
2005 9210
2006 9199
2007 9219
2008 9205
2009 9209
2010 9208
2011 9226
2012 9233
2013 9234
2014 9245
2015 9273
2016 9259
2017 9270
2018 9251
2019 9261
2020 9287
2021 9279
2022 9275
2023 9259
2024 9265
2025 9279
2026 9262
2027 9258
2028 9246
2029 9231
2030 9224
2031 9234
2032 9242
2033 9242
2034 9249
2035 9251
2036 9255
2037 9257
2038 9263
2039 9255
2040 9247
2041 9273
2042 9270
2043 9284
2044 9313
2045 9333
2046 9339
2047 9329
2048 9347
2049 9357
2050 9373
2051 9379
2052 9382
2053 9400
2054 9418
2055 9426
2056 9428
2057 9434
2058 9429
2059 9432
2060 9435
2061 9437
2062 9430
2063 9442
2064 9427
2065 9404
2066 9406
2067 9397
2068 9402
2069 9391
2070 9388
2071 9377
2072 9368
2073 9364
2074 9368
2075 9390
2076 9411
2077 9402
2078 9403
2079 9418
2080 9422
2081 9440
2082 9432
2083 9435
2084 9430
2085 9443
2086 9454
2087 9442
2088 9460
2089 9463
2090 9463
2091 9454
2092 9465
2093 9453
2094 9449
2095 9456
2096 9454
2097 9456
2098 9470
2099 9463
2100 9459
2101 9462
2102 9466
2103 9443
2104 9450
2105 9450
2106 9455
2107 9439
2108 9438
2109 9448
2110 9446
2111 9448
2112 9453
2113 9445
2114 9444
2115 9439
2116 9451
2117 9453
2118 9454
2119 9453
2120 9452
2121 9459
2122 9463
2123 9470
2124 9454
2125 9467
2126 9477
2127 9473
2128 9465
2129 9454
2130 9447
2131 9445
2132 9461
2133 9458
2134 9451
2135 9461
2136 9460
2137 9453
2138 9464
2139 9490
2140 9491
2141 9490
2142 9491
2143 9494
2144 9495
2145 9514
2146 9496
2147 9490
2148 9481
2149 9470
2150 9499
2151 9495
2152 9478
2153 9472
2154 9469
2155 9465
2156 9464
2157 9470
2158 9465
2159 9460
2160 9456
2161 9462
2162 9457
2163 9452
2164 9445
2165 9435
2166 9431
2167 9434
2168 9429
2169 9424
2170 9414
2171 9410
2172 9415
2173 9428
2174 9414
2175 9403
2176 9404
2177 9417
2178 9417
2179 9401
2180 9416
2181 9427
2182 9428
2183 9428
2184 9431
2185 9428
2186 9427
2187 9421
2188 9417
2189 9415
2190 9425
2191 9422
2192 9405
2193 9398
2194 9398
2195 9409
2196 9413
2197 9405
2198 9396
2199 9402
2200 9402
2201 9389
2202 9399
2203 9404
2204 9395
2205 9405
2206 9409
2207 9417
2208 9410
2209 9399
2210 9376
2211 9372
2212 9388
2213 9374
2214 9367
2215 9361
2216 9362
2217 9358
2218 9361
2219 9350
2220 9339
2221 9337
2222 9320
2223 9311
2224 9319
2225 9330
2226 9324
2227 9311
2228 9299
2229 9297
2230 9276
2231 9253
2232 9255
2233 9257
2234 9226
2235 9210
2236 9193
2237 9202
2238 9204
2239 9216
2240 9226
2241 9230
2242 9244
2243 9256
2244 9287
2245 9285
2246 9285
2247 9283
2248 9276
2249 9273
2250 9267
2251 9262
2252 9251
2253 9240
2254 9255
2255 9265
2256 9277
2257 9254
2258 9263
2259 9263
2260 9270
2261 9275
2262 9285
2263 9286
2264 9289
2265 9304
2266 9320
2267 9337
2268 9316
2269 9306
2270 9301
2271 9310
2272 9294
2273 9279
2274 9288
2275 9313
2276 9323
2277 9326
2278 9341
2279 9343
2280 9364
2281 9387
2282 9383
2283 9383
2284 9391
2285 9405
2286 9410
2287 9434
2288 9437
2289 9422
2290 9411
2291 9414
2292 9424
2293 9455
2294 9467
2295 9465
2296 9462
2297 9465
2298 9469
2299 9475
2300 9472
2301 9473
2302 9476
2303 9496
2304 9504
2305 9516
2306 9523
2307 9509
2308 9521
2309 9513
2310 9511
2311 9495
2312 9486
2313 9484
2314 9467
2315 9466
2316 9454
2317 9458
2318 9445
2319 9450
2320 9433
2321 9430
2322 9430
2323 9425
2324 9409
2325 9409
2326 9425
2327 9431
2328 9419
2329 9422
2330 9394
2331 9398
2332 9407
2333 9436
2334 9437
2335 9441
2336 9444
2337 9448
2338 9438
2339 9444
2340 9434
2341 9440
2342 9434
2343 9436
2344 9446
2345 9452
2346 9439
2347 9458
2348 9463
2349 9458
2350 9448
2351 9441
2352 9435
2353 9428
2354 9427
2355 9446
2356 9452
2357 9454
2358 9468
2359 9474
2360 9467
2361 9471
2362 9486
2363 9482
2364 9487
2365 9502
2366 9491
2367 9480
2368 9467
2369 9483
2370 9486
2371 9495
2372 9497
2373 9505
2374 9505
2375 9492
2376 9480
2377 9479
2378 9472
2379 9473
2380 9445
2381 9459
2382 9464
2383 9465
2384 9466
2385 9458
2386 9458
2387 9467
2388 9463
2389 9457
2390 9445
2391 9437
2392 9438
2393 9426
2394 9412
2395 9412
2396 9411
2397 9403
2398 9398
2399 9396
2400 9380
2401 9352
2402 9350
2403 9348
2404 9326
2405 9316
2406 9294
2407 9285
2408 9269
2409 9264
2410 9250
2411 9258
2412 9272
2413 9279
2414 9278
2415 9265
2416 9266
2417 9279
2418 9290
2419 9275
2420 9264
2421 9256
2422 9248
2423 9247
2424 9252
2425 9261
2426 9270
2427 9279
2428 9264
2429 9265
2430 9255
2431 9246
2432 9245
2433 9241
2434 9250
2435 9245
2436 9250
2437 9249
2438 9215
2439 9202
2440 9187
2441 9183
2442 9193
2443 9171
2444 9187
2445 9177
2446 9168
2447 9173
2448 9165
2449 9153
2450 9152
2451 9141
2452 9128
2453 9143
2454 9157
2455 9187
2456 9191
2457 9200
2458 9220
2459 9215
2460 9208
2461 9208
2462 9225
2463 9222
2464 9200
2465 9211
2466 9234
2467 9270
2468 9256
2469 9264
2470 9277
2471 9273
2472 9266
2473 9272
2474 9264
2475 9252
2476 9258
2477 9256
2478 9282
2479 9272
2480 9289
2481 9295
2482 9292
2483 9298
2484 9304
2485 9305
2486 9299
2487 9311
2488 9309
2489 9296
2490 9319
2491 9339
2492 9350
2493 9332
2494 9327
2495 9321
2496 9335
2497 9316
2498 9297
2499 9304
2500 9321
2501 9325
2502 9336
2503 9345
2504 9351
2505 9358
2506 9368
2507 9367
2508 9380
2509 9371
2510 9390
2511 9408
2512 9399
2513 9418
2514 9420
2515 9399
2516 9392
2517 9391
2518 9401
2519 9405
2520 9409
2521 9409
2522 9406
2523 9396
2524 9378
2525 9375
2526 9381
2527 9354
2528 9354
2529 9341
2530 9326
2531 9313
2532 9336
2533 9330
2534 9326
2535 9322
2536 9331
2537 9362
2538 9351
2539 9350
2540 9361
2541 9375
2542 9387
2543 9396
2544 9418
2545 9420
2546 9407
2547 9423
2548 9408
2549 9398
2550 9399
2551 9393
2552 9385
2553 9394
2554 9417
2555 9426
2556 9431
2557 9430
2558 9428
2559 9419
2560 9415
2561 9417
2562 9433
2563 9437
2564 9443
2565 9431
2566 9428
2567 9427
2568 9429
2569 9422
2570 9410
2571 9400
2572 9407
2573 9399
2574 9411
2575 9409
2576 9402
2577 9428
2578 9433
2579 9426
2580 9428
2581 9439
2582 9461
2583 9466
2584 9476
2585 9473
2586 9479
2587 9488
2588 9489
2589 9498
2590 9490
2591 9484
2592 9495
2593 9507
2594 9522
2595 9529
2596 9522
2597 9523
2598 9516
2599 9524
2600 9528
2601 9526
2602 9519
2603 9525
2604 9531
2605 9519
2606 9500
2607 9510
2608 9501
2609 9508
2610 9507
2611 9514
2612 9520
2613 9515
2614 9523
2615 9534
2616 9521
2617 9538
2618 9525
2619 9519
2620 9504
2621 9527
2622 9514
2623 9527
2624 9525
2625 9506
2626 9513
2627 9519
2628 9513
2629 9509
2630 9522
2631 9509
2632 9513
2633 9512
2634 9522
2635 9516
2636 9528
2637 9528
2638 9530
2639 9542
2640 9543
2641 9545
2642 9532
2643 9527
2644 9523
2645 9529
2646 9531
2647 9530
2648 9523
2649 9518
2650 9512
2651 9521
2652 9520
2653 9538
2654 9546
2655 9564
2656 9554
2657 9541
2658 9551
2659 9544
2660 9526
2661 9532
2662 9516
2663 9498
2664 9498
2665 9486
2666 9493
2667 9500
2668 9509
2669 9507
2670 9526
2671 9513
2672 9519
2673 9518
2674 9535
2675 9517
2676 9514
2677 9517
2678 9532
2679 9522
2680 9520
2681 9503
2682 9488
2683 9504
2684 9505
2685 9514
2686 9500
2687 9493
2688 9493
2689 9477
2690 9468
2691 9454
2692 9456
2693 9466
2694 9460
2695 9473
2696 9469
2697 9467
2698 9447
2699 9437
2700 9449
2701 9431
2702 9427
2703 9418
2704 9403
2705 9386
2706 9381
2707 9366
2708 9372
2709 9355
2710 9344
2711 9328
2712 9340
2713 9329
2714 9333
2715 9329
2716 9339
2717 9333
2718 9332
2719 9322
2720 9317
2721 9324
2722 9329
2723 9326
2724 9329
2725 9329
2726 9313
2727 9295
2728 9288
2729 9262
2730 9232
2731 9235
2732 9226
2733 9235
2734 9254
2735 9270
2736 9265
2737 9275
2738 9298
2739 9300
2740 9319
2741 9312
2742 9336
2743 9332
2744 9317
2745 9318
2746 9297
2747 9292
2748 9318
2749 9303
2750 9299
2751 9317
2752 9327
2753 9329
2754 9342
2755 9343
2756 9327
2757 9311
2758 9323
2759 9328
2760 9318
2761 9301
2762 9306
2763 9297
2764 9298
2765 9289
2766 9307
2767 9305
2768 9299
2769 9294
2770 9301
2771 9317
2772 9305
2773 9306
2774 9307
2775 9310
2776 9319
2777 9331
2778 9337
2779 9349
2780 9361
2781 9362
2782 9361
2783 9362
2784 9340
2785 9333
2786 9332
2787 9325
2788 9307
2789 9310
2790 9317
2791 9331
2792 9334
2793 9350
2794 9345
2795 9339
2796 9336
2797 9356
2798 9341
2799 9348
2800 9352
2801 9336
2802 9345
2803 9362
2804 9361
2805 9364
2806 9339
2807 9342
2808 9360
2809 9360
2810 9367
2811 9364
2812 9366
2813 9345
2814 9341
2815 9338
2816 9340
2817 9335
2818 9345
2819 9370
2820 9368
2821 9367
2822 9345
2823 9321
2824 9327
2825 9343
2826 9316
2827 9309
2828 9297
2829 9316
2830 9291
2831 9306
2832 9316
2833 9321
2834 9331
2835 9337
2836 9347
2837 9366
2838 9369
2839 9361
2840 9372
2841 9375
2842 9375
2843 9383
2844 9383
2845 9395
2846 9395
2847 9411
2848 9431
2849 9443
2850 9452
2851 9450
2852 9457
2853 9466
2854 9486
2855 9467
2856 9465
2857 9457
2858 9455
2859 9470
2860 9453
2861 9464
2862 9461
2863 9451
2864 9442
2865 9450
2866 9446
2867 9430
2868 9436
2869 9423
2870 9417
2871 9434
2872 9440
2873 9449
2874 9436
2875 9439
2876 9434
2877 9441
2878 9443
2879 9446
2880 9450
2881 9427
2882 9428
2883 9422
2884 9407
2885 9402
2886 9388
2887 9357
2888 9345
2889 9347
2890 9333
2891 9332
2892 9313
2893 9282
2894 9310
2895 9314
2896 9284
2897 9288
2898 9293
2899 9270
2900 9293
2901 9301
2902 9301
2903 9310
2904 9292
2905 9290
2906 9285
2907 9298
2908 9300
2909 9300
2910 9309
2911 9301
2912 9315
2913 9312
2914 9311
2915 9324
2916 9344
2917 9333
2918 9312
2919 9297
2920 9284
2921 9299
2922 9291
2923 9272
2924 9271
2925 9268
2926 9274
2927 9275
2928 9282
2929 9282
2930 9283
2931 9279
2932 9263
2933 9251
2934 9227
2935 9234
2936 9222
2937 9244
2938 9247
2939 9242
2940 9233
2941 9242
2942 9229
2943 9227
2944 9223
2945 9212
2946 9194
2947 9190
2948 9208
2949 9198
2950 9192
2951 9189
2952 9198
2953 9212
2954 9248
2955 9255
2956 9265
2957 9269
2958 9248
2959 9270
2960 9278
2961 9286
2962 9291
2963 9305
2964 9316
2965 9310
2966 9304
2967 9313
2968 9312
2969 9326
2970 9322
2971 9328
2972 9316
2973 9307
2974 9307
2975 9306
2976 9324
2977 9328
2978 9352
2979 9361
2980 9361
2981 9366
2982 9370
2983 9384
2984 9398
2985 9393
2986 9378
2987 9362
2988 9363
2989 9366
2990 9363
2991 9373
2992 9371
2993 9365
2994 9362
2995 9361
2996 9355
2997 9367
2998 9356
2999 9345
3000 9346
3001 9340
3002 9350
3003 9346
3004 9339
3005 9345
3006 9353
3007 9358
3008 9363
3009 9356
3010 9379
3011 9385
3012 9394
3013 9404
3014 9408
3015 9421
3016 9397
3017 9386
3018 9388
3019 9376
3020 9386
3021 9393
3022 9398
3023 9419
3024 9407
3025 9416
3026 9418
3027 9401
3028 9388
3029 9391
3030 9398
3031 9394
3032 9390
3033 9394
3034 9397
3035 9397
3036 9420
3037 9427
3038 9414
3039 9412
3040 9421
3041 9439
3042 9431
3043 9415
3044 9415
3045 9414
3046 9413
3047 9400
3048 9418
3049 9427
3050 9432
3051 9448
3052 9477
3053 9497
3054 9511
3055 9514
3056 9507
3057 9505
3058 9523
3059 9526
3060 9523
3061 9543
3062 9541
3063 9546
3064 9543
3065 9548
3066 9538
3067 9559
3068 9545
3069 9554
3070 9559
3071 9558
3072 9549
3073 9553
3074 9569
3075 9572
3076 9587
3077 9582
3078 9591
3079 9592
3080 9594
3081 9584
3082 9583
3083 9597
3084 9605
3085 9597
3086 9598
3087 9621
3088 9615
3089 9607
3090 9603
3091 9611
3092 9617
3093 9625
3094 9622
3095 9617
3096 9607
3097 9601
3098 9595
3099 9597
3100 9579
3101 9587
3102 9605
3103 9593
3104 9604
3105 9587
3106 9609
3107 9609
3108 9609
3109 9617
3110 9623
3111 9603
3112 9591
3113 9592
3114 9599
3115 9595
3116 9603
3117 9610
3118 9604
3119 9612
3120 9614
3121 9623
3122 9620
3123 9607
3124 9615
3125 9619
3126 9617
3127 9603
3128 9599
3129 9602
3130 9597
3131 9587
3132 9594
3133 9591
3134 9593
3135 9579
3136 9592
3137 9599
3138 9606
3139 9595
3140 9603
3141 9605
3142 9581
3143 9578
3144 9579
3145 9584
3146 9574
3147 9568
3148 9568
3149 9561
3150 9551
3151 9549
3152 9546
3153 9537
3154 9526
3155 9502
3156 9486
3157 9471
3158 9472
3159 9451
3160 9428
3161 9406
3162 9399
3163 9402
3164 9374
3165 9323
3166 9317
3167 9333
3168 9315
3169 9320
3170 9314
3171 9314
3172 9314
3173 9314
3174 9332
3175 9314
3176 9307
3177 9281
3178 9271
3179 9259
3180 9246
3181 9249
3182 9234
3183 9238
3184 9221
3185 9211
3186 9213
3187 9204
3188 9206
3189 9203
3190 9219
3191 9195
3192 9202
3193 9194
3194 9186
3195 9174
3196 9183
3197 9183
3198 9190
3199 9188
3200 9191
3201 9197
3202 9206
3203 9215
3204 9206
3205 9209
3206 9204
3207 9181
3208 9178
3209 9172
3210 9169
3211 9159
3212 9149
3213 9143
3214 9149
3215 9161
3216 9166
3217 9178
3218 9179
3219 9176
3220 9192
3221 9203
3222 9202
3223 9214
3224 9226
3225 9231
3226 9253
3227 9248
3228 9275
3229 9253
3230 9244
3231 9242
3232 9234
3233 9237
3234 9240
3235 9246
3236 9251
3237 9276
3238 9286
3239 9296
3240 9304
3241 9335
3242 9351
3243 9353
3244 9363
3245 9361
3246 9389
3247 9382
3248 9387
3249 9385
3250 9392
3251 9405
3252 9387
3253 9417
3254 9420
3255 9417
3256 9435
3257 9420
3258 9432
3259 9451
3260 9457
3261 9466
3262 9454
3263 9443
3264 9462
3265 9458
3266 9440
3267 9428
3268 9432
3269 9443
3270 9459
3271 9461
3272 9448
3273 9458
3274 9459
3275 9474
3276 9465
3277 9477
3278 9481
3279 9472
3280 9480
3281 9483
3282 9480
3283 9475
3284 9495
3285 9504
3286 9505
3287 9495
3288 9491
3289 9501
3290 9505
3291 9508
3292 9494
3293 9470
3294 9487
3295 9482
3296 9483
3297 9480
3298 9474
3299 9470
3300 9462
3301 9454
3302 9450
3303 9449
3304 9437
3305 9425
3306 9435
3307 9450
3308 9442
3309 9434
3310 9429
3311 9431
3312 9421
3313 9431
3314 9455
3315 9456
3316 9454
3317 9458
3318 9447
3319 9449
3320 9434
3321 9430
3322 9442
3323 9433
3324 9414
3325 9413
3326 9432
3327 9452
3328 9446
3329 9431
3330 9441
3331 9445
3332 9425
3333 9429
3334 9419
3335 9424
3336 9425
3337 9419
3338 9423
3339 9412
3340 9407
3341 9418
3342 9419
3343 9434
3344 9412
3345 9399
3346 9389
3347 9394
3348 9372
3349 9368
3350 9363
3351 9347
3352 9334
3353 9350
3354 9321
3355 9315
3356 9310
3357 9318
3358 9311
3359 9308
3360 9289
3361 9290
3362 9283
3363 9291
3364 9301
3365 9314
3366 9323
3367 9305
3368 9304
3369 9312
3370 9320
3371 9300
3372 9297
3373 9294
3374 9280
3375 9282
3376 9267
3377 9243
3378 9228
3379 9213
3380 9232
3381 9239
3382 9231
3383 9250
3384 9259
3385 9250
3386 9245
3387 9241
3388 9236
3389 9249
3390 9222
3391 9204
3392 9219
3393 9211
3394 9207
3395 9180
3396 9168
3397 9171
3398 9161
3399 9172
3400 9172
3401 9146
3402 9154
3403 9147
3404 9136
3405 9152
3406 9168
3407 9169
3408 9180
3409 9183
3410 9187
3411 9203
3412 9207
3413 9187
3414 9189
3415 9168
3416 9183
3417 9187
3418 9203
3419 9226
3420 9243
3421 9243
3422 9252
3423 9253
3424 9255
3425 9268
3426 9283
3427 9272
3428 9274
3429 9290
3430 9297
3431 9301
3432 9288
3433 9272
3434 9267
3435 9286
3436 9299
3437 9303
3438 9291
3439 9279
3440 9290
3441 9294
3442 9287
3443 9290
3444 9288
3445 9287
3446 9295
3447 9296
3448 9307
3449 9314
3450 9324
3451 9336
3452 9332
3453 9332
3454 9347
3455 9372
3456 9386
3457 9393
3458 9404
3459 9397
3460 9401
3461 9416
3462 9394
3463 9414
3464 9401
3465 9402
3466 9435
3467 9439
3468 9424
3469 9439
3470 9449
3471 9449
3472 9453
3473 9459
3474 9480
3475 9479
3476 9469
3477 9449
3478 9450
3479 9449
3480 9457
3481 9456
3482 9455
3483 9459
3484 9462
3485 9467
3486 9464
3487 9485
3488 9478
3489 9468
3490 9476
3491 9478
3492 9475
3493 9484
3494 9480
3495 9468
3496 9470
3497 9459
3498 9475
3499 9483
3500 9482
3501 9496
3502 9496
3503 9482
3504 9476
3505 9488
3506 9514
3507 9522
3508 9533
3509 9543
3510 9551
3511 9552
3512 9547
3513 9546
3514 9538
3515 9534
3516 9533
3517 9530
3518 9528
3519 9517
3520 9520
3521 9515
3522 9493
3523 9497
3524 9495
3525 9474
3526 9480
3527 9493
3528 9482
3529 9480
3530 9470
3531 9476
3532 9485
3533 9473
3534 9488
3535 9468
3536 9469
3537 9477
3538 9462
3539 9463
3540 9461
3541 9471
3542 9471
3543 9483
3544 9487
3545 9473
3546 9490
3547 9490
3548 9480
3549 9474
3550 9477
3551 9476
3552 9475
3553 9470
3554 9473
3555 9473
3556 9472
3557 9471
3558 9471
3559 9480
3560 9465
3561 9458
3562 9475
3563 9474
3564 9468
3565 9469
3566 9464
3567 9465
3568 9446
3569 9445
3570 9449
3571 9436
3572 9422
3573 9423
3574 9410
3575 9401
3576 9400
3577 9398
3578 9412
3579 9406
3580 9411
3581 9418
3582 9413
3583 9387
3584 9387
3585 9387
3586 9402
3587 9377
3588 9367
3589 9339
3590 9328
3591 9333
3592 9331
3593 9316
3594 9309
3595 9307
3596 9308
3597 9328
3598 9315
3599 9318
3600 9311
3601 9312
3602 9294
3603 9310
3604 9313
3605 9353
3606 9336
3607 9360
3608 9355
3609 9357
3610 9362
3611 9363
3612 9364
3613 9381
3614 9382
3615 9398
3616 9390
3617 9395
3618 9408
3619 9420
3620 9419
3621 9434
3622 9420
3623 9405
3624 9412
3625 9389
3626 9390
3627 9400
3628 9403
3629 9384
3630 9373
3631 9373
3632 9380
3633 9376
3634 9382
3635 9420
3636 9423
3637 9414
3638 9421
3639 9433
3640 9432
3641 9428
3642 9418
3643 9409
3644 9403
3645 9422
3646 9407
3647 9414
3648 9424
3649 9430
3650 9441
3651 9443
3652 9457
3653 9448
3654 9450
3655 9450
3656 9447
3657 9436
3658 9432
3659 9424
3660 9413
3661 9417
3662 9429
3663 9430
3664 9429
3665 9422
3666 9427
3667 9403
3668 9406
3669 9422
3670 9406
3671 9418
3672 9432
3673 9438
3674 9447
3675 9447
3676 9444
3677 9437
3678 9441
3679 9415
3680 9412
3681 9411
3682 9405
3683 9410
3684 9399
3685 9411
3686 9416
3687 9404
3688 9410
3689 9414
3690 9417
3691 9430
3692 9416
3693 9396
3694 9391
3695 9400
3696 9401
3697 9415
3698 9392
3699 9379
3700 9366
3701 9363
3702 9358
3703 9350
3704 9350
3705 9337
3706 9330
3707 9326
3708 9340
3709 9338
3710 9353
3711 9347
3712 9352
3713 9342
3714 9322
3715 9322
3716 9305
3717 9297
3718 9300
3719 9301
3720 9294
3721 9297
3722 9306
3723 9312
3724 9327
3725 9315
3726 9314
3727 9322
3728 9348
3729 9342
3730 9337
3731 9334
3732 9351
3733 9349
3734 9342
3735 9336
3736 9342
3737 9325
3738 9342
3739 9336
3740 9346
3741 9356
3742 9365
3743 9370
3744 9361
3745 9371
3746 9379
3747 9374
3748 9393
3749 9406
3750 9413
3751 9399
3752 9389
3753 9383
3754 9397
3755 9400
3756 9389
3757 9394
3758 9387
3759 9366
3760 9364
3761 9358
3762 9338
3763 9345
3764 9335
3765 9341
3766 9357
3767 9372
3768 9375
3769 9395
3770 9397
3771 9406
3772 9425
3773 9424
3774 9439
3775 9444
3776 9456
3777 9443
3778 9435
3779 9434
3780 9430
3781 9423
3782 9417
3783 9430
3784 9435
3785 9434
3786 9435
3787 9424
3788 9414
3789 9417
3790 9418
3791 9422
3792 9419
3793 9414
3794 9413
3795 9393
3796 9401
3797 9398
3798 9392
3799 9401
3800 9395
3801 9415
3802 9416
3803 9411
3804 9394
3805 9404
3806 9403
3807 9398
3808 9413
3809 9423
3810 9428
3811 9417
3812 9419
3813 9428
3814 9440
3815 9458
3816 9471
3817 9438
3818 9433
3819 9440
3820 9449
3821 9473
3822 9467
3823 9453
3824 9461
3825 9451
3826 9461
3827 9458
3828 9473
3829 9472
3830 9458
3831 9473
3832 9475
3833 9451
3834 9450
3835 9458
3836 9448
3837 9440
3838 9424
3839 9416
3840 9407
3841 9412
3842 9414
3843 9427
3844 9423
3845 9415
3846 9402
3847 9390
3848 9385
3849 9397
3850 9395
3851 9410
3852 9408
3853 9406
3854 9404
3855 9394
3856 9401
3857 9401
3858 9380
3859 9390
3860 9365
3861 9360
3862 9350
3863 9365
3864 9357
3865 9337
3866 9327
3867 9331
3868 9316
3869 9315
3870 9313
3871 9314
3872 9300
3873 9306
3874 9297
3875 9283
3876 9264
3877 9293
3878 9292
3879 9294
3880 9290
3881 9291
3882 9302
3883 9304
3884 9299
3885 9298
3886 9297
3887 9292
3888 9300
3889 9294
3890 9289
3891 9312
3892 9323
3893 9313
3894 9343
3895 9365
3896 9345
3897 9332
3898 9312
3899 9317
3900 9325
3901 9344
3902 9334
3903 9325
3904 9306
3905 9302
3906 9306
3907 9303
3908 9300
3909 9317
3910 9309
3911 9292
3912 9309
3913 9299
3914 9300
3915 9287
3916 9291
3917 9275
3918 9275
3919 9287
3920 9301
3921 9294
3922 9301
3923 9299
3924 9307
3925 9305
3926 9319
3927 9335
3928 9332
3929 9320
3930 9312
3931 9315
3932 9330
3933 9345
3934 9375
3935 9355
3936 9356
3937 9368
3938 9371
3939 9362
3940 9355
3941 9333
3942 9302
3943 9316
3944 9317
3945 9338
3946 9357
3947 9379
3948 9386
3949 9384
3950 9402
3951 9426
3952 9436
3953 9442
3954 9443
3955 9452
3956 9435
3957 9431
3958 9442
3959 9456
3960 9435
3961 9453
3962 9437
3963 9433
3964 9421
3965 9412
3966 9398
3967 9401
3968 9406
3969 9414
3970 9413
3971 9414
3972 9423
3973 9397
3974 9404
3975 9410
3976 9398
3977 9414
3978 9413
3979 9426
3980 9395
3981 9402
3982 9401
3983 9408
3984 9411
3985 9435
3986 9443
3987 9441
3988 9432
3989 9448
3990 9460
3991 9468
3992 9468
3993 9482
3994 9465
3995 9457
3996 9450
3997 9458
3998 9470
3999 9459
4000 9461
4001 9462
4002 9470
4003 9444
4004 9426
4005 9436
4006 9444
4007 9449
4008 9439
4009 9447
4010 9440
4011 9427
4012 9431
4013 9427
4014 9435
4015 9431
4016 9427
4017 9420
4018 9425
4019 9436
4020 9421
4021 9428
4022 9437
4023 9446
4024 9442
4025 9423
4026 9436
4027 9450
4028 9458
4029 9467
4030 9466
4031 9466
4032 9476
4033 9482
4034 9486
4035 9466
4036 9480
4037 9483
4038 9489
4039 9474
4040 9473
4041 9482
4042 9471
4043 9476
4044 9496
4045 9484
4046 9486
4047 9495
4048 9485
4049 9481
4050 9474
4051 9497
4052 9503
4053 9512
4054 9504
4055 9519
4056 9525
4057 9540
4058 9534
4059 9544
4060 9525
4061 9518
4062 9530
4063 9532
4064 9520
4065 9527
4066 9526
4067 9526
4068 9523
4069 9536
4070 9546
4071 9539
4072 9533
4073 9523
4074 9524
4075 9540
4076 9530
4077 9545
4078 9560
4079 9553
4080 9538
4081 9555
4082 9542
4083 9541
4084 9539
4085 9530
4086 9536
4087 9532
4088 9536
4089 9547
4090 9539
4091 9538
4092 9518
4093 9495
4094 9486
4095 9479
4096 9450
4097 9462
4098 9466
4099 9454
4100 9457
4101 9452
4102 9436
4103 9414
4104 9406
4105 9385
4106 9397
4107 9376
4108 9345
4109 9345
4110 9344
4111 9328
4112 9330
4113 9352
4114 9364
4115 9359
4116 9346
4117 9352
4118 9352
4119 9341
4120 9332
4121 9320
4122 9312
4123 9332
4124 9325
4125 9320
4126 9314
4127 9314
4128 9311
4129 9293
4130 9294
4131 9298
4132 9284
4133 9279
4134 9300
4135 9306
4136 9305
4137 9272
4138 9260
4139 9239
4140 9235
4141 9245
4142 9263
4143 9265
4144 9253
4145 9251
4146 9242
4147 9221
4148 9226
4149 9214
4150 9225
4151 9220
4152 9226
4153 9234
4154 9234
4155 9227
4156 9221
4157 9216
4158 9237
4159 9245
4160 9258
4161 9274
4162 9271
4163 9283
4164 9273
4165 9270
4166 9275
4167 9294
4168 9315
4169 9310
4170 9326
4171 9335
4172 9334
4173 9347
4174 9338
4175 9333
4176 9345
4177 9333
4178 9330
4179 9333
4180 9339
4181 9320
4182 9344
4183 9351
4184 9362
4185 9394
4186 9375
4187 9377
4188 9371
4189 9372
4190 9374
4191 9391
4192 9396
4193 9408
4194 9403
4195 9403
4196 9417
4197 9398
4198 9400
4199 9396
4200 9393
4201 9408
4202 9406
4203 9413
4204 9412
4205 9417
4206 9429
4207 9415
4208 9398
4209 9400
4210 9397
4211 9401
4212 9412
4213 9397
4214 9393
4215 9393
4216 9416
4217 9410
4218 9419
4219 9425
4220 9439
4221 9428
4222 9432
4223 9428
4224 9417
4225 9403
4226 9384
4227 9383
4228 9374
4229 9392
4230 9378
4231 9368
4232 9367
4233 9341
4234 9339
4235 9305
4236 9295
4237 9306
4238 9309
4239 9328
4240 9326
4241 9329
4242 9325
4243 9322
4244 9332
4245 9329
4246 9318
4247 9322
4248 9317
4249 9330
4250 9333
4251 9351
4252 9351
4253 9354
4254 9352
4255 9327
4256 9336
4257 9319
4258 9329
4259 9326
4260 9342
4261 9360
4262 9344
4263 9344
4264 9363
4265 9356
4266 9350
4267 9336
4268 9344
4269 9337
4270 9327
4271 9322
4272 9310
4273 9308
4274 9316
4275 9317
4276 9314
4277 9324
4278 9336
4279 9344
4280 9341
4281 9326
4282 9326
4283 9316
4284 9334
4285 9325
4286 9333
4287 9342
4288 9348
4289 9347
4290 9358
4291 9361
4292 9361
4293 9364
4294 9386
4295 9396
4296 9402
4297 9384
4298 9378
4299 9375
4300 9380
4301 9392
4302 9402
4303 9412
4304 9400
4305 9404
4306 9420
4307 9429
4308 9409
4309 9412
4310 9414
4311 9438
4312 9438
4313 9424
4314 9427
4315 9421
4316 9420
4317 9424
4318 9444
4319 9458
4320 9446
4321 9444
4322 9451
4323 9459
4324 9443
4325 9428
4326 9446
4327 9440
4328 9439
4329 9439
4330 9444
4331 9444
4332 9439
4333 9422
4334 9422
4335 9423
4336 9418
4337 9424
4338 9419
4339 9397
4340 9379
4341 9380
4342 9374
4343 9364
4344 9359
4345 9364
4346 9361
4347 9370
4348 9372
4349 9389
4350 9378
4351 9388
4352 9389
4353 9384
4354 9364
4355 9376
4356 9369
4357 9344
4358 9325
4359 9316
4360 9308
4361 9304
4362 9297
4363 9285
4364 9245
4365 9244
4366 9236
4367 9231
4368 9214
4369 9202
4370 9189
4371 9176
4372 9180
4373 9165
4374 9158
4375 9172
4376 9142
4377 9150
4378 9170
4379 9173
4380 9193
4381 9195
4382 9210
4383 9194
4384 9212
4385 9206
4386 9243
4387 9249
4388 9236
4389 9243
4390 9240
4391 9252
4392 9248
4393 9279
4394 9284
4395 9301
4396 9303
4397 9315
4398 9312
4399 9314
4400 9327
4401 9326
4402 9326
4403 9313
4404 9317
4405 9319
4406 9340
4407 9347
4408 9356
4409 9345
4410 9343
4411 9359
4412 9359
4413 9382
4414 9388
4415 9378
4416 9383
4417 9367
4418 9391
4419 9393
4420 9409
4421 9415
4422 9421
4423 9419
4424 9404
4425 9409
4426 9432
4427 9432
4428 9430
4429 9433
4430 9426
4431 9425
4432 9426
4433 9417
4434 9415
4435 9401
4436 9389
4437 9393
4438 9400
4439 9391
4440 9405
4441 9428
4442 9431
4443 9437
4444 9442
4445 9463
4446 9452
4447 9456
4448 9468
4449 9472
4450 9466
4451 9466
4452 9475
4453 9474
4454 9479
4455 9505
4456 9525
4457 9515
4458 9530
4459 9527
4460 9511
4461 9514
4462 9529
4463 9518
4464 9514
4465 9509
4466 9500
4467 9494
4468 9505
4469 9477
4470 9479
4471 9481
4472 9501
4473 9490
4474 9501
4475 9492
4476 9503
4477 9497
4478 9493
4479 9483
4480 9505
4481 9499
4482 9496
4483 9486
4484 9479
4485 9489
4486 9483
4487 9497
4488 9496
4489 9488
4490 9479
4491 9458
4492 9470
4493 9486
4494 9465
4495 9475
4496 9480
4497 9491
4498 9481
4499 9473
4500 9483
4501 9492
4502 9484
4503 9484
4504 9495
4505 9490
4506 9490
4507 9503
4508 9508
4509 9510
4510 9511
4511 9513
4512 9511
4513 9524
4514 9518
4515 9520
4516 9507
4517 9506
4518 9505
4519 9497
4520 9501
4521 9492
4522 9479
4523 9479
4524 9472
4525 9451
4526 9444
4527 9465
4528 9458
4529 9447
4530 9450
4531 9452
4532 9471
4533 9485
4534 9475
4535 9486
4536 9493
4537 9475
4538 9507
4539 9526
4540 9535
4541 9531
4542 9525
4543 9533
4544 9530
4545 9532
4546 9521
4547 9529
4548 9530
4549 9532
4550 9507
4551 9521
4552 9514
4553 9504
4554 9510
4555 9512
4556 9508
4557 9508
4558 9501
4559 9497
4560 9488
4561 9490
4562 9493
4563 9508
4564 9499
4565 9485
4566 9457
4567 9468
4568 9456
4569 9458
4570 9458
4571 9461
4572 9476
4573 9460
4574 9456
4575 9463
4576 9459
4577 9437
4578 9431
4579 9431
4580 9417
4581 9412
4582 9404
4583 9391
4584 9389
4585 9393
4586 9385
4587 9388
4588 9398
4589 9390
4590 9382
4591 9391
4592 9395
4593 9393
4594 9387
4595 9400
4596 9396
4597 9392
4598 9394
4599 9376
4600 9377
4601 9384
4602 9386
4603 9394
4604 9394
4605 9396
4606 9413
4607 9431
4608 9444
4609 9444
4610 9446
4611 9427
4612 9455
4613 9471
4614 9468
4615 9479
4616 9475
4617 9455
4618 9452
4619 9445
4620 9418
4621 9390
4622 9381
4623 9390
4624 9366
4625 9353
4626 9336
4627 9326
4628 9318
4629 9311
4630 9300
4631 9282
4632 9272
4633 9270
4634 9267
4635 9245
4636 9252
4637 9243
4638 9215
4639 9193
4640 9194
4641 9182
4642 9161
4643 9149
4644 9148
4645 9146
4646 9151
4647 9150
4648 9165
4649 9163
4650 9162
4651 9149
4652 9172
4653 9155
4654 9160
4655 9170
4656 9168
4657 9162
4658 9172
4659 9150
4660 9173
4661 9183
4662 9197
4663 9192
4664 9210
4665 9217
4666 9222
4667 9218
4668 9236
4669 9253
4670 9258
4671 9295
4672 9285
4673 9276
4674 9272
4675 9276
4676 9284
4677 9310
4678 9332
4679 9333
4680 9327
4681 9344
4682 9331
4683 9326
4684 9354
4685 9381
4686 9408
4687 9416
4688 9400
4689 9413
4690 9386
4691 9372
4692 9355
4693 9368
4694 9358
4695 9340
4696 9359
4697 9350
4698 9358
4699 9350
4700 9373
4701 9374
4702 9367
4703 9369
4704 9381
4705 9378
4706 9373
4707 9368
4708 9373
4709 9373
4710 9369
4711 9385
4712 9389
4713 9402
4714 9393
4715 9378
4716 9386
4717 9393
4718 9394
4719 9383
4720 9379
4721 9390
4722 9381
4723 9396
4724 9416
4725 9425
4726 9431
4727 9433
4728 9434
4729 9448
4730 9428
4731 9434
4732 9450
4733 9453
4734 9458
4735 9459
4736 9453
4737 9456
4738 9450
4739 9453
4740 9444
4741 9455
4742 9453
4743 9453
4744 9448
4745 9447
4746 9430
4747 9423
4748 9426
4749 9446
4750 9436
4751 9434
4752 9438
4753 9442
4754 9436
4755 9433
4756 9421
4757 9417
4758 9415
4759 9407
4760 9396
4761 9400
4762 9387
4763 9392
4764 9402
4765 9412
4766 9387
4767 9370
4768 9375
4769 9371
4770 9371
4771 9369
4772 9360
4773 9352
4774 9320
4775 9301
4776 9293
4777 9312
4778 9284
4779 9299
4780 9285
4781 9273
4782 9288
4783 9270
4784 9247
4785 9228
4786 9211
4787 9198
4788 9207
4789 9205
4790 9212
4791 9202
4792 9204
4793 9195
4794 9199
4795 9171
4796 9161
4797 9163
4798 9151
4799 9120
4800 9126
4801 9113
4802 9108
4803 9130
4804 9131
4805 9119
4806 9114
4807 9132
4808 9118
4809 9115
4810 9131
4811 9120
4812 9107
4813 9109
4814 9110
4815 9100
4816 9115
4817 9105
4818 9117
4819 9127
4820 9143
4821 9139
4822 9145
4823 9152
4824 9163
4825 9165
4826 9178
4827 9166
4828 9155
4829 9122
4830 9122
4831 9130
4832 9115
4833 9150
4834 9162
4835 9169
4836 9194
4837 9205
4838 9215
4839 9202
4840 9218
4841 9224
4842 9231
4843 9237
4844 9252
4845 9259
4846 9267
4847 9289
4848 9300
4849 9319
4850 9323
4851 9334
4852 9356
4853 9355
4854 9350
4855 9360
4856 9355
4857 9357
4858 9379
4859 9370
4860 9363
4861 9361
4862 9375
4863 9369
4864 9381
4865 9392
4866 9386
4867 9385
4868 9387
4869 9380
4870 9381
4871 9384
4872 9411
4873 9418
4874 9440
4875 9438
4876 9437
4877 9438
4878 9431
4879 9438
4880 9434
4881 9441
4882 9454
4883 9483
4884 9499
4885 9489
4886 9490
4887 9497
4888 9494
4889 9488
4890 9487
4891 9491
4892 9511
4893 9503
4894 9505
4895 9499
4896 9500
4897 9506
4898 9509
4899 9515
4900 9510
4901 9520
4902 9537
4903 9520
4904 9512
4905 9500
4906 9501
4907 9494
4908 9495
4909 9508
4910 9512
4911 9520
4912 9513
4913 9520
4914 9501
4915 9505
4916 9510
4917 9510
4918 9529
4919 9528
4920 9542
4921 9552
4922 9557
4923 9548
4924 9533
4925 9524
4926 9531
4927 9518
4928 9523
4929 9529
4930 9540
4931 9542
4932 9543
4933 9547
4934 9542
4935 9540
4936 9540
4937 9553
4938 9558
4939 9546
4940 9541
4941 9537
4942 9531
4943 9515
4944 9519
4945 9527
4946 9536
4947 9535
4948 9543
4949 9545
4950 9537
4951 9540
4952 9524
4953 9514
4954 9493
4955 9497
4956 9491
4957 9484
4958 9483
4959 9483
4960 9479
4961 9481
4962 9481
4963 9488
4964 9493
4965 9494
4966 9477
4967 9457
4968 9462
4969 9466
4970 9455
4971 9462
4972 9456
4973 9438
4974 9461
4975 9469
4976 9485
4977 9486
4978 9473
4979 9450
4980 9437
4981 9434
4982 9430
4983 9448
4984 9457
4985 9465
4986 9479
4987 9508
4988 9523
4989 9532
4990 9545
4991 9548
4992 9547
4993 9536
4994 9533
4995 9528
4996 9515
4997 9522
4998 9528
4999 9519
5000 9524
5001 9522
5002 9527
5003 9538
5004 9544
5005 9556
5006 9556
5007 9568
5008 9556
5009 9548
5010 9539
5011 9532
5012 9533
5013 9526
5014 9524
5015 9522
5016 9519
5017 9508
5018 9515
5019 9521
5020 9535
5021 9525
5022 9512
5023 9514
5024 9499
5025 9492
5026 9498
5027 9506
5028 9495
5029 9492
5030 9482
5031 9497
5032 9492
5033 9482
5034 9490
5035 9494
5036 9482
5037 9471
5038 9480
5039 9484
5040 9494
5041 9480
5042 9493
5043 9488
5044 9498
5045 9491
5046 9502
5047 9499
5048 9486
5049 9503
5050 9495
5051 9495
5052 9522
5053 9531
5054 9526
5055 9536
5056 9529
5057 9529
5058 9530
5059 9519
5060 9521
5061 9521
5062 9510
5063 9511
5064 9502
5065 9510
5066 9502
5067 9510
5068 9508
5069 9528
5070 9529
5071 9525
5072 9526
5073 9519
5074 9503
5075 9500
5076 9496
5077 9499
5078 9498
5079 9485
5080 9487
5081 9486
5082 9473
5083 9477
5084 9487
5085 9470
5086 9461
5087 9454
5088 9461
5089 9470
5090 9458
5091 9451
5092 9445
5093 9446
5094 9429
5095 9430
5096 9431
5097 9438
5098 9429
5099 9428
5100 9426
5101 9413
5102 9400
5103 9408
5104 9402
5105 9419
5106 9385
5107 9389
5108 9380
5109 9371
5110 9368
5111 9380
5112 9377
5113 9378
5114 9382
5115 9372
5116 9370
5117 9360
5118 9360
5119 9354
5120 9345
5121 9356
5122 9340
5123 9338
5124 9346
5125 9350
5126 9349
5127 9346
5128 9342
5129 9343
5130 9318
5131 9296
5132 9298
5133 9297
5134 9280
5135 9260
5136 9266
5137 9258
5138 9242
5139 9206
5140 9194
5141 9179
5142 9175
5143 9179
5144 9170
5145 9171
5146 9179
5147 9195
5148 9188
5149 9177
5150 9196
5151 9182
5152 9179
5153 9180
5154 9184
5155 9185
5156 9179
5157 9186
5158 9230
5159 9222
5160 9240
5161 9241
5162 9230
5163 9222
5164 9216
5165 9220
5166 9228
5167 9225
5168 9235
5169 9232
5170 9218
5171 9224
5172 9236
5173 9220
5174 9238
5175 9259
5176 9290
5177 9295
5178 9301
5179 9306
5180 9302
5181 9324
5182 9335
5183 9345
5184 9337
5185 9334
5186 9328
5187 9316
5188 9325
5189 9322
5190 9318
5191 9333
5192 9342
5193 9332
5194 9317
5195 9332
5196 9329
5197 9348
5198 9368
5199 9354
5200 9350
5201 9369
5202 9376
5203 9392
5204 9385
5205 9407
5206 9426
5207 9435
5208 9425
5209 9437
5210 9433
5211 9415
5212 9415
5213 9413
5214 9399
5215 9397
5216 9389
5217 9392
5218 9403
5219 9397
5220 9406
5221 9402
5222 9396
5223 9400
5224 9406
5225 9416
5226 9427
5227 9431
5228 9432
5229 9422
5230 9430
5231 9442
5232 9440
5233 9444
5234 9454
5235 9471
5236 9478
5237 9483
5238 9488
5239 9483
5240 9475
5241 9485
5242 9479
5243 9484
5244 9484
5245 9490
5246 9501
5247 9495
5248 9506
5249 9502
5250 9509
5251 9497
5252 9508
5253 9507
5254 9493
5255 9490
5256 9482
5257 9482
5258 9475
5259 9492
5260 9507
5261 9498
5262 9487
5263 9480
5264 9488
5265 9506
5266 9505
5267 9509
5268 9512
5269 9501
5270 9508
5271 9493
5272 9490
5273 9492
5274 9470
5275 9473
5276 9459
5277 9469
5278 9458
5279 9448
5280 9460
5281 9462
5282 9462
5283 9458
5284 9454
5285 9465
5286 9474
5287 9487
5288 9490
5289 9478
5290 9463
5291 9488
5292 9508
5293 9520
5294 9510
5295 9517
5296 9499
5297 9492
5298 9491
5299 9488
5300 9480
5301 9472
5302 9453
5303 9449
5304 9443
5305 9435
5306 9412
5307 9405
5308 9396
5309 9393
5310 9400
5311 9396
5312 9392
5313 9382
5314 9367
5315 9355
5316 9338
5317 9322
5318 9315
5319 9336
5320 9329
5321 9312
5322 9303
5323 9295
5324 9293
5325 9276
5326 9282
5327 9279
5328 9251
5329 9240
5330 9214
5331 9189
5332 9209
5333 9196
5334 9185
5335 9187
5336 9196
5337 9192
5338 9181
5339 9197
5340 9192
5341 9199
5342 9202
5343 9178
5344 9153
5345 9162
5346 9161
5347 9183
5348 9161
5349 9166
5350 9159
5351 9163
5352 9179
5353 9161
5354 9193
5355 9209
5356 9215
5357 9213
5358 9230
5359 9227
5360 9222
5361 9225
5362 9235
5363 9235
5364 9241
5365 9270
5366 9277
5367 9264
5368 9284
5369 9286
5370 9268
5371 9296
5372 9284
5373 9291
5374 9318
5375 9326
5376 9311
5377 9302
5378 9321
5379 9316
5380 9308
5381 9305
5382 9323
5383 9321
5384 9322
5385 9326
5386 9314
5387 9312
5388 9311
5389 9305
5390 9303
5391 9317
5392 9307
5393 9300
5394 9290
5395 9307
5396 9332
5397 9351
5398 9346
5399 9357
5400 9344
5401 9323
5402 9336
5403 9347
5404 9356
5405 9345
5406 9347
5407 9359
5408 9352
5409 9354
5410 9330
5411 9346
5412 9369
5413 9370
5414 9376
5415 9381
5416 9382
5417 9382
5418 9378
5419 9370
5420 9364
5421 9385
5422 9385
5423 9390
5424 9402
5425 9393
5426 9376
5427 9376
5428 9371
5429 9374
5430 9362
5431 9354
5432 9374
5433 9367
5434 9350
5435 9349
5436 9358
5437 9343
5438 9353
5439 9366
5440 9350
5441 9345
5442 9350
5443 9349
5444 9357
5445 9366
5446 9375
5447 9370
5448 9372
5449 9379
5450 9374
5451 9370
5452 9371
5453 9372
5454 9391
5455 9390
5456 9373
5457 9382
5458 9371
5459 9373
5460 9380
5461 9369
5462 9380
5463 9375
5464 9383
5465 9392
5466 9401
5467 9396
5468 9405
5469 9422
5470 9437
5471 9414
5472 9438
5473 9439
5474 9432
5475 9439
5476 9432
5477 9425
5478 9426
5479 9429
5480 9415
5481 9412
5482 9428
5483 9407
5484 9434
5485 9440
5486 9427
5487 9444
5488 9446
5489 9451
5490 9445
5491 9449
5492 9466
5493 9452
5494 9455
5495 9454
5496 9459
5497 9454
5498 9463
5499 9476
5500 9481
5501 9478
5502 9471
5503 9472
5504 9478
5505 9463
5506 9455
5507 9469
5508 9490
5509 9478
5510 9481
5511 9469
5512 9486
5513 9475
5514 9483
5515 9483
5516 9469
5517 9475
5518 9494
5519 9515
5520 9513
5521 9501
5522 9501
5523 9483
5524 9472
5525 9464
5526 9467
5527 9465
5528 9467
5529 9444
5530 9451
5531 9475
5532 9485
5533 9475
5534 9453
5535 9477
5536 9476
5537 9480
5538 9485
5539 9479
5540 9488
5541 9492
5542 9479
5543 9470
5544 9479
5545 9487
5546 9476
5547 9492
5548 9503
5549 9534
5550 9530
5551 9541
5552 9543
5553 9546
5554 9552
5555 9536
5556 9548
5557 9561
5558 9534
5559 9546
5560 9540
5561 9536
5562 9542
5563 9530
5564 9514
5565 9491
5566 9496
5567 9497
5568 9481
5569 9483
5570 9478
5571 9486
5572 9496
5573 9498
5574 9491
5575 9503
5576 9503
5577 9491
5578 9487
5579 9482
5580 9470
5581 9479
5582 9474
5583 9448
5584 9443
5585 9435
5586 9454
5587 9440
5588 9436
5589 9437
5590 9428
5591 9425
5592 9409
5593 9416
5594 9419
5595 9436
5596 9429
5597 9432
5598 9435
5599 9440
5600 9441
5601 9453
5602 9451
5603 9468
5604 9455
5605 9448
5606 9427
5607 9398
5608 9382
5609 9378
5610 9356
5611 9354
5612 9373
5613 9350
5614 9338
5615 9323
5616 9330
5617 9334
5618 9345
5619 9331
5620 9319
5621 9308
5622 9322
5623 9336
5624 9315
5625 9323
5626 9306
5627 9292
5628 9280
5629 9269
5630 9259
5631 9264
5632 9273
5633 9239
5634 9228
5635 9226
5636 9227
5637 9218
5638 9209
5639 9200
5640 9216
5641 9216
5642 9218
5643 9214
5644 9225
5645 9211
5646 9204
5647 9194
5648 9192
5649 9190
5650 9190
5651 9189
5652 9192
5653 9212
5654 9215
5655 9217
5656 9227
5657 9238
5658 9217
5659 9227
5660 9248
5661 9245
5662 9232
5663 9246
5664 9241
5665 9246
5666 9254
5667 9237
5668 9236
5669 9243
5670 9237
5671 9256
5672 9273
5673 9295
5674 9319
5675 9328
5676 9357
5677 9369
5678 9355
5679 9370
5680 9360
5681 9371
5682 9402
5683 9388
5684 9405
5685 9415
5686 9405
5687 9406
5688 9433
5689 9455
5690 9462
5691 9459
5692 9458
5693 9472
5694 9481
5695 9481
5696 9480
5697 9491
5698 9495
5699 9500
5700 9517
5701 9507
5702 9494
5703 9494
5704 9500
5705 9506
5706 9490
5707 9497
5708 9484
5709 9489
5710 9477
5711 9490
5712 9501
5713 9504
5714 9475
5715 9457
5716 9440
5717 9431
5718 9432
5719 9428
5720 9430
5721 9443
5722 9435
5723 9423
5724 9434
5725 9423
5726 9425
5727 9430
5728 9434
5729 9425
5730 9437
5731 9436
5732 9421
5733 9436
5734 9428
5735 9426
5736 9423
5737 9420
5738 9420
5739 9427
5740 9424
5741 9424
5742 9434
5743 9420
5744 9398
5745 9393
5746 9426
5747 9424
5748 9424
5749 9437
5750 9424
5751 9434
5752 9436
5753 9441
5754 9449
5755 9440
5756 9415
5757 9398
5758 9383
5759 9375
5760 9383
5761 9387
5762 9396
5763 9391
5764 9394
5765 9389
5766 9384
5767 9386
5768 9362
5769 9348
5770 9342
5771 9327
5772 9313
5773 9311
5774 9306
5775 9299
5776 9290
5777 9264
5778 9258
5779 9238
5780 9250
5781 9263
5782 9274
5783 9261
5784 9269
5785 9251
5786 9248
5787 9254
5788 9238
5789 9217
5790 9208
5791 9201
5792 9180
5793 9180
5794 9162
5795 9166
5796 9178
5797 9177
5798 9161
5799 9152
5800 9176
5801 9185
5802 9200
5803 9204
5804 9197
5805 9207
5806 9201
5807 9192
5808 9161
5809 9170
5810 9150
5811 9165
5812 9158
5813 9178
5814 9194
5815 9205
5816 9233
5817 9247
5818 9260
5819 9284
5820 9294
5821 9293
5822 9319
5823 9321
5824 9328
5825 9330
5826 9325
5827 9318
5828 9337
5829 9341
5830 9333
5831 9322
5832 9301
5833 9300
5834 9309
5835 9313
5836 9303
5837 9321
5838 9321
5839 9323
5840 9328
5841 9341
5842 9352
5843 9357
5844 9362
5845 9367
5846 9370
5847 9369
5848 9367
5849 9360
5850 9383
5851 9384
5852 9384
5853 9387
5854 9388
5855 9388
5856 9394
5857 9414
5858 9397
5859 9410
5860 9414
5861 9443
5862 9437
5863 9451
5864 9448
5865 9434
5866 9432
5867 9438
5868 9424
5869 9440
5870 9447
5871 9453
5872 9466
5873 9444
5874 9449
5875 9468
5876 9444
5877 9453
5878 9446
5879 9427
5880 9434
5881 9434
5882 9444
5883 9449
5884 9441
5885 9455
5886 9459
5887 9447
5888 9451
5889 9464
5890 9456
5891 9461
5892 9460
5893 9481
5894 9467
5895 9450
5896 9446
5897 9466
5898 9464
5899 9465
5900 9455
5901 9464
5902 9469
5903 9452
5904 9438
5905 9446
5906 9440
5907 9450
5908 9442
5909 9431
5910 9431
5911 9433
5912 9420
5913 9449
5914 9439
5915 9439
5916 9446
5917 9446
5918 9462
5919 9450
5920 9443
5921 9461
5922 9463
5923 9463
5924 9441
5925 9443
5926 9440
5927 9433
5928 9433
5929 9434
5930 9461
5931 9464
5932 9471
5933 9478
5934 9483
5935 9471
5936 9455
5937 9453
5938 9449
5939 9450
5940 9451
5941 9450
5942 9433
5943 9443
5944 9450
5945 9450
5946 9458
5947 9462
5948 9464
5949 9475
5950 9482
5951 9492
5952 9480
5953 9471
5954 9475
5955 9478
5956 9478
5957 9478
5958 9478
5959 9472
5960 9462
5961 9464
5962 9470
5963 9455
5964 9455
5965 9451
5966 9449
5967 9466
5968 9470
5969 9473
5970 9470
5971 9471
5972 9486
5973 9480
5974 9484
5975 9490
5976 9490
5977 9477
5978 9486
5979 9479
5980 9461
5981 9474
5982 9470
5983 9462
5984 9451
5985 9439
5986 9441
5987 9441
5988 9427
5989 9438
5990 9442
5991 9453
5992 9438
5993 9438
5994 9430
5995 9402
5996 9417
5997 9411
5998 9417
5999 9406
6000 9423
6001 9420
6002 9439
6003 9460
6004 9462
6005 9473
6006 9474
6007 9482
6008 9478
6009 9482
6010 9488
6011 9496
6012 9499
6013 9503
6014 9498
6015 9505
6016 9503
6017 9508
6018 9502
6019 9494
6020 9493
6021 9500
6022 9494
6023 9496
6024 9496
6025 9506
6026 9510
6027 9516
6028 9505
6029 9504
6030 9510
6031 9500
6032 9502
6033 9485
6034 9480
6035 9460
6036 9477
6037 9461
6038 9465
6039 9470
6040 9472
6041 9484
6042 9488
6043 9480
6044 9483
6045 9463
6046 9442
6047 9432
6048 9447
6049 9440
6050 9438
6051 9427
6052 9427
6053 9436
6054 9432
6055 9435
6056 9428
6057 9420
6058 9420
6059 9418
6060 9416
6061 9431
6062 9409
6063 9405
6064 9393
6065 9370
6066 9352
6067 9364
6068 9363
6069 9375
6070 9375
6071 9396
6072 9371
6073 9357
6074 9334
6075 9324
6076 9340
6077 9352
6078 9362
6079 9361
6080 9347
6081 9331
6082 9315
6083 9305
6084 9292
6085 9288
6086 9278
6087 9260
6088 9255
6089 9260
6090 9264
6091 9268
6092 9273
6093 9274
6094 9298
6095 9294
6096 9299
6097 9304
6098 9297
6099 9298
6100 9284
6101 9279
6102 9289
6103 9293
6104 9299
6105 9284
6106 9299
6107 9301
6108 9288
6109 9301
6110 9305
6111 9299
6112 9296
6113 9307
6114 9313
6115 9292
6116 9307
6117 9309
6118 9301
6119 9294
6120 9281
6121 9269
6122 9283
6123 9277
6124 9282
6125 9264
6126 9259
6127 9265
6128 9292
6129 9292
6130 9283
6131 9264
6132 9269
6133 9275
6134 9275
6135 9275
6136 9263
6137 9263
6138 9269
6139 9284
6140 9293
6141 9299
6142 9295
6143 9306
6144 9324
6145 9339
6146 9341
6147 9351
6148 9363
6149 9366
6150 9352
6151 9359
6152 9344
6153 9336
6154 9342
6155 9323
6156 9332
6157 9329
6158 9330
6159 9332
6160 9316
6161 9325
6162 9316
6163 9325
6164 9346
6165 9353
6166 9356
6167 9352
6168 9341
6169 9344
6170 9344
6171 9358
6172 9349
6173 9356
6174 9375
6175 9383
6176 9395
6177 9408
6178 9426
6179 9413
6180 9426
6181 9448
6182 9436
6183 9424
6184 9432
6185 9449
6186 9449
6187 9434
6188 9445
6189 9440
6190 9452
6191 9445
6192 9440
6193 9429
6194 9417
6195 9424
6196 9404
6197 9391
6198 9392
6199 9391
6200 9395
6201 9388
6202 9384
6203 9403
6204 9399
6205 9395
6206 9431
6207 9429
6208 9414
6209 9412
6210 9414
6211 9407
6212 9432
6213 9429
6214 9428
6215 9444
6216 9432
6217 9432
6218 9451
6219 9445
6220 9425
6221 9431
6222 9427
6223 9427
6224 9433
6225 9425
6226 9431
6227 9425
6228 9436
6229 9453
6230 9442
6231 9439
6232 9454
6233 9438
6234 9429
6235 9419
6236 9423
6237 9421
6238 9428
6239 9437
6240 9452
6241 9452
6242 9440
6243 9438
6244 9458
6245 9456
6246 9460
6247 9453
6248 9446
6249 9446
6250 9435
6251 9430
6252 9444
6253 9434
6254 9416
6255 9396
6256 9392
6257 9388
6258 9383
6259 9390
6260 9371
6261 9374
6262 9373
6263 9363
6264 9366
6265 9368
6266 9354
6267 9349
6268 9348
6269 9340
6270 9307
6271 9306
6272 9296
6273 9296
6274 9297
6275 9302
6276 9303
6277 9293
6278 9257
6279 9251
6280 9257
6281 9244
6282 9232
6283 9239
6284 9248
6285 9227
6286 9226
6287 9224
6288 9219
6289 9204
6290 9190
6291 9199
6292 9200
6293 9184
6294 9185
6295 9153
6296 9133
6297 9136
6298 9128
6299 9136
6300 9135
6301 9139
6302 9144
6303 9155
6304 9146
6305 9148
6306 9169
6307 9179
6308 9151
6309 9178
6310 9197
6311 9220
6312 9211
6313 9222
6314 9219
6315 9234
6316 9252
6317 9272
6318 9272
6319 9262
6320 9255
6321 9273
6322 9292
6323 9323
6324 9322
6325 9325
6326 9311
6327 9306
6328 9318
6329 9329
6330 9338
6331 9357
6332 9346
6333 9352
6334 9347
6335 9361
6336 9351
6337 9354
6338 9338
6339 9346
6340 9356
6341 9354
6342 9390
6343 9418
6344 9421
6345 9429
6346 9445
6347 9456
6348 9454
6349 9469
6350 9467
6351 9478
6352 9480
6353 9487
6354 9481
6355 9475
6356 9480
6357 9496
6358 9491
6359 9489
6360 9497
6361 9496
6362 9500
6363 9485
6364 9481
6365 9474
6366 9485
6367 9469
6368 9479
6369 9485
6370 9487
6371 9481
6372 9476
6373 9482
6374 9489
6375 9507
6376 9494
6377 9502
6378 9492
6379 9486
6380 9477
6381 9464
6382 9448
6383 9464
6384 9470
6385 9484
6386 9490
6387 9481
6388 9492
6389 9486
6390 9460
6391 9449
6392 9467
6393 9478
6394 9480
6395 9472
6396 9472
6397 9480
6398 9476
6399 9471
6400 9472
6401 9469
6402 9456
6403 9469
6404 9473
6405 9470
6406 9476
6407 9489
6408 9495
6409 9499
6410 9497
6411 9497
6412 9511
6413 9507
6414 9498
6415 9515
6416 9519
6417 9525
6418 9535
6419 9534
6420 9525
6421 9535
6422 9527
6423 9522
6424 9516
6425 9523
6426 9506
6427 9520
6428 9508
6429 9505
6430 9504
6431 9487
6432 9481
6433 9486
6434 9488
6435 9502
6436 9477
6437 9467
6438 9438
6439 9454
6440 9473
6441 9480
6442 9469
6443 9458
6444 9460
6445 9455
6446 9478
6447 9489
6448 9481
6449 9472
6450 9477
6451 9488
6452 9477
6453 9463
6454 9471
6455 9472
6456 9465
6457 9457
6458 9446
6459 9446
6460 9426
6461 9435
6462 9424
6463 9404
6464 9411
6465 9425
6466 9400
6467 9407
6468 9381
6469 9368
6470 9371
6471 9377
6472 9393
6473 9391
6474 9385
6475 9378
6476 9375
6477 9378
6478 9363
6479 9356
6480 9359
6481 9350
6482 9359
6483 9350
6484 9353
6485 9360
6486 9372
6487 9372
6488 9362
6489 9387
6490 9384
6491 9407
6492 9406
6493 9427
6494 9423
6495 9416
6496 9419
6497 9424
6498 9419
6499 9435
6500 9431
6501 9444
6502 9438
6503 9431
6504 9443
6505 9450
6506 9457
6507 9457
6508 9457
6509 9469
6510 9481
6511 9484
6512 9474
6513 9478
6514 9460
6515 9475
6516 9448
6517 9455
6518 9446
6519 9453
6520 9446
6521 9434
6522 9427
6523 9415
6524 9410
6525 9392
6526 9388
6527 9393
6528 9410
6529 9408
6530 9395
6531 9391
6532 9388
6533 9394
6534 9406
6535 9403
6536 9410
6537 9399
6538 9388
6539 9375
6540 9361
6541 9372
6542 9383
6543 9376
6544 9376
6545 9367
6546 9374
6547 9361
6548 9361
6549 9355
6550 9369
6551 9358
6552 9363
6553 9364
6554 9345
6555 9343
6556 9328
6557 9312
6558 9306
6559 9311
6560 9304
6561 9314
6562 9339
6563 9334
6564 9331
6565 9325
6566 9303
6567 9322
6568 9343
6569 9343
6570 9372
6571 9369
6572 9379
6573 9400
6574 9413
6575 9425
6576 9428
6577 9407
6578 9408
6579 9445
6580 9454
6581 9437
6582 9434
6583 9424
6584 9421
6585 9415
6586 9412
6587 9407
6588 9409
6589 9431
6590 9406
6591 9388
6592 9367
6593 9370
6594 9361
6595 9371
6596 9366
6597 9366
6598 9378
6599 9377
6600 9366
6601 9371
6602 9374
6603 9352
6604 9374
6605 9390
6606 9384
6607 9371
6608 9359
6609 9370
6610 9374
6611 9374
6612 9367
6613 9387
6614 9358
6615 9360
6616 9349
6617 9354
6618 9358
6619 9334
6620 9333
6621 9340
6622 9347
6623 9345
6624 9353
6625 9354
6626 9354
6627 9360
6628 9359
6629 9340
6630 9334
6631 9318
6632 9312
6633 9318
6634 9316
6635 9322
6636 9321
6637 9309
6638 9305
6639 9335
6640 9330
6641 9322
6642 9312
6643 9326
6644 9322
6645 9342
6646 9338
6647 9333
6648 9362
6649 9379
6650 9393
6651 9389
6652 9398
6653 9414
6654 9410
6655 9419
6656 9423
6657 9429
6658 9437
6659 9431
6660 9435
6661 9446
6662 9439
6663 9436
6664 9415
6665 9423
6666 9430
6667 9427
6668 9413
6669 9405
6670 9416
6671 9408
6672 9383
6673 9413
6674 9381
6675 9390
6676 9394
6677 9414
6678 9412
6679 9394
6680 9395
6681 9393
6682 9381
6683 9371
6684 9377
6685 9361
6686 9357
6687 9344
6688 9329
6689 9332
6690 9313
6691 9314
6692 9319
6693 9314
6694 9317
6695 9323
6696 9314
6697 9311
6698 9300
6699 9270
6700 9247
6701 9226
6702 9231
6703 9237
6704 9217
6705 9214
6706 9208
6707 9201
6708 9201
6709 9190
6710 9192
6711 9208
6712 9209
6713 9232
6714 9236
6715 9250
6716 9252
6717 9261
6718 9248
6719 9229
6720 9226
6721 9208
6722 9210
6723 9235
6724 9243
6725 9243
6726 9259
6727 9255
6728 9251
6729 9254
6730 9264
6731 9263
6732 9271
6733 9270
6734 9261
6735 9271
6736 9271
6737 9258
6738 9271
6739 9288
6740 9301
6741 9295
6742 9309
6743 9298
6744 9298
6745 9296
6746 9303
6747 9308
6748 9320
6749 9338
6750 9354
6751 9354
6752 9361
6753 9360
6754 9357
6755 9346
6756 9343
6757 9352
6758 9337
6759 9323
6760 9328
6761 9335
6762 9340
6763 9344
6764 9347
6765 9371
6766 9360
6767 9342
6768 9355
6769 9359
6770 9353
6771 9366
6772 9397
6773 9391
6774 9393
6775 9402
6776 9393
6777 9392
6778 9384
6779 9397
6780 9413
6781 9413
6782 9413
6783 9414
6784 9394
6785 9373
6786 9374
6787 9367
6788 9362
6789 9347
6790 9334
6791 9349
6792 9353
6793 9339
6794 9342
6795 9352
6796 9344
6797 9334
6798 9334
6799 9332
6800 9333
6801 9334
6802 9337
6803 9342
6804 9358
6805 9371
6806 9370
6807 9358
6808 9360
6809 9372
6810 9390
6811 9396
6812 9397
6813 9401
6814 9405
6815 9405
6816 9420
6817 9429
6818 9425
6819 9440
6820 9445
6821 9457
6822 9451
6823 9454
6824 9454
6825 9443
6826 9450
6827 9458
6828 9450
6829 9441
6830 9456
6831 9438
6832 9421
6833 9421
6834 9435
6835 9448
6836 9441
6837 9433
6838 9438
6839 9437
6840 9436
6841 9441
6842 9457
6843 9463
6844 9453
6845 9451
6846 9460
6847 9457
6848 9449
6849 9457
6850 9448
6851 9448
6852 9442
6853 9435
6854 9420
6855 9411
6856 9424
6857 9415
6858 9428
6859 9434
6860 9440
6861 9443
6862 9449
6863 9445
6864 9443
6865 9446
6866 9453
6867 9442
6868 9435
6869 9434
6870 9432
6871 9421
6872 9433
6873 9441
6874 9442
6875 9449
6876 9454
6877 9468
6878 9451
6879 9461
6880 9467
6881 9490
6882 9490
6883 9503
6884 9517
6885 9515
6886 9521
6887 9518
6888 9514
6889 9506
6890 9514
6891 9515
6892 9522
6893 9523
6894 9509
6895 9500
6896 9502
6897 9502
6898 9497
6899 9511
6900 9508
6901 9506
6902 9501
6903 9506
6904 9497
6905 9493
6906 9497
6907 9490
6908 9468
6909 9435
6910 9434
6911 9430
6912 9434
6913 9436
6914 9430
6915 9398
6916 9387
6917 9376
6918 9351
6919 9345
6920 9351
6921 9349
6922 9353
6923 9339
6924 9364
6925 9355
6926 9358
6927 9351
6928 9343
6929 9366
6930 9358
6931 9367
6932 9381
6933 9390
6934 9387
6935 9395
6936 9408
6937 9420
6938 9401
6939 9411
6940 9404
6941 9416
6942 9431
6943 9439
6944 9442
6945 9439
6946 9448
6947 9474
6948 9491
6949 9484
6950 9499
6951 9512
6952 9518
6953 9525
6954 9533
6955 9523
6956 9515
6957 9515
6958 9516
6959 9518
6960 9524
6961 9523
6962 9539
6963 9525
6964 9522
6965 9516
6966 9502
6967 9483
6968 9486
6969 9478
6970 9476
6971 9466
6972 9450
6973 9442
6974 9461
6975 9453
6976 9437
6977 9446
6978 9447
6979 9436
6980 9434
6981 9421
6982 9418
6983 9421
6984 9403
6985 9392
6986 9408
6987 9396
6988 9399
6989 9393
6990 9373
6991 9361
6992 9354
6993 9337
6994 9337
6995 9350
6996 9343
6997 9320
6998 9324
6999 9337
7000 9340
7001 9342
7002 9326
7003 9321
7004 9301
7005 9287
7006 9294
7007 9275
7008 9282
7009 9287
7010 9272
7011 9266
7012 9255
7013 9269
7014 9270
7015 9267
7016 9270
7017 9290
7018 9281
7019 9267
7020 9269
7021 9252
7022 9252
7023 9261
7024 9248
7025 9235
7026 9243
7027 9244
7028 9248
7029 9268
7030 9262
7031 9288
7032 9288
7033 9307
7034 9318
7035 9304
7036 9302
7037 9296
7038 9283
7039 9256
7040 9251
7041 9244
7042 9241
7043 9234
7044 9223
7045 9222
7046 9247
7047 9265
7048 9269
7049 9280
7050 9285
7051 9283
7052 9289
7053 9295
7054 9294
7055 9294
7056 9287
7057 9305
7058 9298
7059 9308
7060 9289
7061 9296
7062 9287
7063 9299
7064 9299
7065 9305
7066 9305
7067 9306
7068 9298
7069 9309
7070 9305
7071 9296
7072 9308
7073 9313
7074 9324
7075 9318
7076 9322
7077 9329
7078 9344
7079 9353
7080 9377
7081 9365
7082 9377
7083 9384
7084 9391
7085 9415
7086 9426
7087 9414
7088 9409
7089 9407
7090 9408
7091 9391
7092 9403
7093 9423
7094 9430
7095 9436
7096 9445
7097 9458
7098 9464
7099 9444
7100 9439
7101 9432
7102 9440
7103 9436
7104 9447
7105 9452
7106 9479
7107 9487
7108 9490
7109 9482
7110 9491
7111 9508
7112 9522
7113 9523
7114 9519
7115 9509
7116 9490
7117 9468
7118 9437
7119 9428
7120 9441
7121 9460
7122 9459
7123 9466
7124 9459
7125 9465
7126 9468
7127 9458
7128 9448
7129 9452
7130 9461
7131 9457
7132 9442
7133 9436
7134 9432
7135 9425
7136 9412
7137 9385
7138 9392
7139 9399
7140 9399
7141 9378
7142 9402
7143 9416
7144 9415
7145 9422
7146 9420
7147 9422
7148 9428
7149 9445
7150 9433
7151 9437
7152 9422
7153 9416
7154 9432
7155 9418
7156 9427
7157 9415
7158 9425
7159 9425
7160 9424
7161 9390
7162 9390
7163 9361
7164 9356
7165 9352
7166 9366
7167 9370
7168 9370
7169 9378
7170 9360
7171 9361
7172 9379
7173 9349
7174 9360
7175 9348
7176 9330
7177 9321
7178 9301
7179 9278
7180 9255
7181 9223
7182 9203
7183 9186
7184 9197
7185 9191
7186 9208
7187 9172
7188 9169
7189 9154
7190 9137
7191 9126
7192 9154
7193 9142
7194 9156
7195 9149
7196 9136
7197 9117
7198 9127
7199 9115
7200 9128
7201 9101
7202 9084
7203 9092
7204 9094
7205 9075
7206 9082
7207 9099
7208 9104
7209 9118
7210 9140
7211 9127
7212 9126
7213 9137
7214 9133
7215 9142
7216 9146
7217 9162
7218 9150
7219 9138
7220 9146
7221 9146
7222 9123
7223 9152
7224 9125
7225 9143
7226 9160
7227 9165
7228 9187
7229 9169
7230 9173
7231 9172
7232 9184
7233 9190
7234 9193
7235 9208
7236 9215
7237 9215
7238 9214
7239 9212
7240 9238
7241 9266
7242 9269
7243 9277
7244 9286
7245 9297
7246 9288
7247 9294
7248 9311
7249 9305
7250 9292
7251 9310
7252 9286
7253 9307
7254 9293
7255 9294
7256 9314
7257 9328
7258 9329
7259 9334
7260 9344
7261 9356
7262 9343
7263 9347
7264 9373
7265 9380
7266 9406
7267 9414
7268 9430
7269 9432
7270 9443
7271 9459
7272 9470
7273 9458
7274 9464
7275 9485
7276 9504
7277 9518
7278 9519
7279 9532
7280 9526
7281 9533
7282 9528
7283 9527
7284 9534
7285 9541
7286 9535
7287 9545
7288 9552
7289 9544
7290 9526
7291 9550
7292 9535
7293 9538
7294 9540
7295 9533
7296 9522
7297 9545
7298 9555
7299 9563
7300 9571
7301 9572
7302 9573
7303 9578
7304 9591
7305 9586
7306 9579
7307 9571
7308 9560
7309 9564
7310 9567
7311 9551
7312 9541
7313 9544
7314 9550
7315 9570
7316 9577
7317 9578
7318 9581
7319 9584
7320 9598
7321 9600
7322 9600
7323 9601
7324 9589
7325 9592
7326 9589
7327 9575
7328 9576
7329 9572
7330 9580
7331 9583
7332 9590
7333 9595
7334 9612
7335 9619
7336 9616
7337 9606
7338 9601
7339 9592
7340 9587
7341 9584
7342 9581
7343 9566
7344 9558
7345 9554
7346 9574
7347 9574
7348 9575
7349 9566
7350 9567
7351 9562
7352 9551
7353 9550
7354 9552
7355 9548
7356 9549
7357 9541
7358 9534
7359 9518
7360 9515
7361 9506
7362 9515
7363 9516
7364 9520
7365 9517
7366 9527
7367 9529
7368 9536
7369 9532
7370 9519
7371 9507
7372 9529
7373 9529
7374 9522
7375 9521
7376 9531
7377 9543
7378 9549
7379 9539
7380 9546
7381 9527
7382 9536
7383 9517
7384 9514
7385 9513
7386 9513
7387 9529
7388 9539
7389 9541
7390 9552
7391 9551
7392 9572
7393 9558
7394 9542
7395 9534
7396 9535
7397 9547
7398 9537
7399 9545
7400 9538
7401 9538
7402 9524
7403 9519
7404 9499
7405 9496
7406 9504
7407 9512
7408 9479
7409 9484
7410 9479
7411 9479
7412 9495
7413 9513
7414 9506
7415 9497
7416 9502
7417 9511
7418 9501
7419 9492
7420 9503
7421 9504
7422 9497
7423 9509
7424 9529
7425 9527
7426 9511
7427 9505
7428 9490
7429 9493
7430 9500
7431 9497
7432 9510
7433 9525
7434 9524
7435 9524
7436 9530
7437 9511
7438 9514
7439 9522
7440 9517
7441 9532
7442 9520
7443 9515
7444 9512
7445 9512
7446 9495
7447 9493
7448 9484
7449 9488
7450 9494
7451 9487
7452 9496
7453 9498
7454 9478
7455 9479
7456 9466
7457 9469
7458 9476
7459 9492
7460 9487
7461 9491
7462 9492
7463 9499
7464 9494
7465 9495
7466 9472
7467 9474
7468 9476
7469 9484
7470 9484
7471 9482
7472 9483
7473 9488
7474 9489
7475 9496
7476 9497
7477 9514
7478 9530
7479 9527
7480 9533
7481 9524
7482 9527
7483 9538
7484 9528
7485 9521
7486 9506
7487 9501
7488 9491
7489 9478
7490 9485
7491 9486
7492 9494
7493 9494
7494 9490
7495 9510
7496 9497
7497 9495
7498 9495
7499 9502
7500 9494
7501 9499
7502 9503
7503 9528
7504 9531
7505 9531
7506 9518
7507 9519
7508 9515
7509 9495
7510 9502
7511 9511
7512 9515
7513 9500
7514 9503
7515 9505
7516 9491
7517 9495
7518 9487
7519 9478
7520 9467
7521 9468
7522 9455
7523 9440
7524 9430
7525 9435
7526 9438
7527 9421
7528 9420
7529 9411
7530 9405
7531 9418
7532 9417
7533 9420
7534 9429
7535 9449
7536 9450
7537 9425
7538 9429
7539 9437
7540 9428
7541 9434
7542 9429
7543 9421
7544 9424
7545 9402
7546 9405
7547 9386
7548 9384
7549 9369
7550 9367
7551 9349
7552 9327
7553 9338
7554 9318
7555 9327
7556 9313
7557 9329
7558 9333
7559 9336
7560 9321
7561 9306
7562 9280
7563 9272
7564 9269
7565 9284
7566 9273
7567 9246
7568 9229
7569 9235
7570 9222
7571 9229
7572 9225
7573 9234
7574 9215
7575 9220
7576 9211
7577 9202
7578 9185
7579 9174
7580 9172
7581 9201
7582 9209
7583 9217
7584 9218
7585 9240
7586 9226
7587 9236
7588 9261
7589 9253
7590 9247
7591 9250
7592 9246
7593 9233
7594 9219
7595 9229
7596 9241
7597 9253
7598 9262
7599 9268
7600 9259
7601 9268
7602 9273
7603 9283
7604 9315
7605 9306
7606 9319
7607 9341
7608 9336
7609 9328
7610 9333
7611 9329
7612 9328
7613 9334
7614 9356
7615 9365
7616 9354
7617 9357
7618 9368
7619 9380
7620 9403
7621 9396
7622 9407
7623 9402
7624 9415
7625 9418
7626 9426
7627 9422
7628 9411
7629 9427
7630 9429
7631 9420
7632 9418
7633 9417
7634 9415
7635 9432
7636 9427
7637 9422
7638 9426
7639 9447
7640 9459
7641 9468
7642 9465
7643 9453
7644 9462
7645 9484
7646 9500
7647 9508
7648 9490
7649 9495
7650 9497
7651 9504
7652 9504
7653 9518
7654 9525
7655 9529
7656 9520
7657 9506
7658 9514
7659 9516
7660 9518
7661 9523
7662 9516
7663 9532
7664 9549
7665 9554
7666 9547
7667 9528
7668 9527
7669 9522
7670 9529
7671 9529
7672 9516
7673 9539
7674 9542
7675 9533
7676 9541
7677 9552
7678 9555
7679 9553
7680 9534
7681 9524
7682 9524
7683 9519
7684 9515
7685 9507
7686 9511
7687 9508
7688 9518
7689 9540
7690 9536
7691 9530
7692 9537
7693 9534
7694 9524
7695 9526
7696 9538
7697 9536
7698 9540
7699 9534
7700 9523
7701 9519
7702 9518
7703 9522
7704 9520
7705 9521
7706 9525
7707 9503
7708 9486
7709 9468
7710 9449
7711 9448
7712 9431
7713 9422
7714 9413
7715 9423
7716 9430
7717 9422
7718 9412
7719 9373
7720 9356
7721 9369
7722 9390
7723 9383
7724 9387
7725 9381
7726 9362
7727 9345
7728 9309
7729 9297
7730 9303
7731 9284
7732 9308
7733 9302
7734 9292
7735 9283
7736 9265
7737 9245
7738 9232
7739 9226
7740 9239
7741 9237
7742 9223
7743 9218
7744 9217
7745 9209
7746 9203
7747 9197
7748 9196
7749 9201
7750 9190
7751 9232
7752 9216
7753 9211
7754 9205
7755 9189
7756 9176
7757 9179
7758 9165
7759 9150
7760 9150
7761 9174
7762 9178
7763 9173
7764 9157
7765 9165
7766 9166
7767 9178
7768 9193
7769 9200
7770 9196
7771 9163
7772 9167
7773 9148
7774 9167
7775 9154
7776 9165
7777 9160
7778 9154
7779 9150
7780 9173
7781 9174
7782 9170
7783 9175
7784 9178
7785 9170
7786 9194
7787 9215
7788 9222
7789 9215
7790 9214
7791 9223
7792 9235
7793 9240
7794 9247
7795 9252
7796 9254
7797 9252
7798 9247
7799 9240
7800 9262
7801 9270
7802 9287
7803 9312
7804 9306
7805 9331
7806 9341
7807 9359
7808 9356
7809 9373
7810 9382
7811 9372
7812 9361
7813 9373
7814 9371
7815 9368
7816 9354
7817 9370
7818 9378
7819 9367
7820 9380
7821 9366
7822 9365
7823 9371
7824 9393
7825 9386
7826 9389
7827 9377
7828 9374
7829 9387
7830 9409
7831 9410
7832 9405
7833 9416
7834 9416
7835 9407
7836 9408
7837 9405
7838 9411
7839 9419
7840 9412
7841 9412
7842 9395
7843 9397
7844 9397
7845 9408
7846 9432
7847 9426
7848 9450
7849 9475
7850 9467
7851 9465
7852 9462
7853 9463
7854 9451
7855 9455
7856 9441
7857 9432
7858 9440
7859 9442
7860 9446
7861 9422
7862 9413
7863 9411
7864 9411
7865 9423
7866 9430
7867 9438
7868 9445
7869 9442
7870 9438
7871 9438
7872 9446
7873 9438
7874 9448
7875 9444
7876 9453
7877 9464
7878 9459
7879 9489
7880 9502
7881 9511
7882 9493
7883 9481
7884 9478
7885 9503
7886 9504
7887 9499
7888 9499
7889 9500
7890 9501
7891 9499
7892 9481
7893 9482
7894 9492
7895 9494
7896 9480
7897 9487
7898 9487
7899 9484
7900 9490
7901 9483
7902 9471
7903 9480
7904 9471
7905 9460
7906 9458
7907 9465
7908 9452
7909 9441
7910 9444
7911 9439
7912 9438
7913 9447
7914 9472
7915 9490
7916 9474
7917 9474
7918 9448
7919 9459
7920 9461
7921 9466
7922 9472
7923 9461
7924 9497
7925 9477
7926 9466
7927 9460
7928 9460
7929 9479
7930 9494
7931 9497
7932 9518
7933 9526
7934 9536
7935 9517
7936 9522
7937 9534
7938 9537
7939 9545
7940 9532
7941 9526
7942 9509
7943 9507
7944 9512
7945 9518
7946 9526
7947 9512
7948 9505
7949 9515
7950 9517
7951 9508
7952 9496
7953 9514
7954 9522
7955 9513
7956 9519
7957 9525
7958 9519
7959 9525
7960 9510
7961 9510
7962 9510
7963 9514
7964 9504
7965 9479
7966 9489
7967 9477
7968 9488
7969 9481
7970 9493
7971 9481
7972 9483
7973 9471
7974 9470
7975 9463
7976 9477
7977 9464
7978 9468
7979 9469
7980 9468
7981 9452
7982 9436
7983 9435
7984 9449
7985 9441
7986 9447
7987 9439
7988 9422
7989 9407
7990 9404
7991 9402
7992 9383
7993 9392
7994 9385
7995 9361
7996 9344
7997 9338
7998 9345
7999 9341
8000 9327
8001 9348
8002 9332
8003 9318
8004 9318
8005 9321
8006 9338
8007 9327
8008 9323
8009 9316
8010 9313
8011 9323
8012 9311
8013 9308
8014 9313
8015 9339
8016 9340
8017 9331
8018 9348
8019 9347
8020 9348
8021 9350
8022 9339
8023 9355
8024 9360
8025 9349
8026 9365
8027 9375
8028 9374
8029 9382
8030 9389
8031 9402
8032 9388
8033 9370
8034 9370
8035 9371
8036 9375
8037 9366
8038 9346
8039 9345
8040 9303
8041 9293
8042 9289
8043 9306
8044 9294
8045 9307
8046 9280
8047 9284
8048 9286
8049 9288
8050 9283
8051 9299
8052 9283
8053 9271
8054 9244
8055 9222
8056 9211
8057 9185
8058 9163
8059 9154
8060 9203
8061 9212
8062 9226
8063 9227
8064 9235
8065 9239
8066 9259
8067 9258
8068 9269
8069 9283
8070 9270
8071 9282
8072 9279
8073 9298
8074 9311
8075 9315
8076 9322
8077 9327
8078 9350
8079 9346
8080 9350
8081 9361
8082 9360
8083 9379
8084 9387
8085 9404
8086 9397
8087 9394
8088 9404
8089 9414
8090 9429
8091 9413
8092 9424
8093 9426
8094 9438
8095 9433
8096 9427
8097 9438
8098 9447
8099 9435
8100 9441
8101 9432
8102 9423
8103 9435
8104 9440
8105 9458
8106 9464
8107 9465
8108 9474
8109 9465
8110 9458
8111 9473
8112 9467
8113 9496
8114 9478
8115 9497
8116 9500
8117 9490
8118 9487
8119 9488
8120 9493
8121 9486
8122 9491
8123 9501
8124 9494
8125 9491
8126 9480
8127 9469
8128 9459
8129 9458
8130 9443
8131 9433
8132 9418
8133 9428
8134 9440
8135 9445
8136 9439
8137 9439
8138 9453
8139 9445
8140 9449
8141 9439
8142 9458
8143 9458
8144 9463
8145 9466
8146 9453
8147 9446
8148 9449
8149 9459
8150 9467
8151 9463
8152 9448
8153 9467
8154 9466
8155 9457
8156 9459
8157 9441
8158 9432
8159 9449
8160 9429
8161 9421
8162 9414
8163 9411
8164 9408
8165 9392
8166 9375
8167 9382
8168 9382
8169 9385
8170 9389
8171 9381
8172 9368
8173 9357
8174 9351
8175 9355
8176 9352
8177 9363
8178 9366
8179 9365
8180 9360
8181 9353
8182 9359
8183 9355
8184 9333
8185 9345
8186 9346
8187 9333
8188 9306
8189 9308
8190 9273
8191 9279
8192 9264
8193 9260
8194 9277
8195 9272
8196 9300
8197 9297
8198 9283
8199 9278
8200 9260
8201 9251
8202 9249
8203 9232
8204 9217
8205 9237
8206 9243
8207 9243
8208 9246
8209 9232
8210 9216
8211 9205
8212 9202
8213 9204
8214 9216
8215 9224
8216 9219
8217 9228
8218 9231
8219 9213
8220 9207
8221 9214
8222 9214
8223 9203
8224 9226
8225 9216
8226 9200
8227 9184
8228 9179
8229 9177
8230 9181
8231 9185
8232 9201
8233 9200
8234 9194
8235 9176
8236 9224
8237 9233
8238 9250
8239 9239
8240 9230
8241 9235
8242 9227
8243 9212
8244 9234
8245 9245
8246 9255
8247 9284
8248 9311
8249 9306
8250 9296
8251 9306
8252 9313
8253 9325
8254 9312
8255 9312
8256 9311
8257 9309
8258 9323
8259 9324
8260 9339
8261 9365
8262 9376
8263 9379
8264 9385
8265 9391
8266 9401
8267 9406
8268 9414
8269 9412
8270 9409
8271 9380
8272 9377
8273 9365
8274 9386
8275 9378
8276 9377
8277 9377
8278 9381
8279 9379
8280 9361
8281 9359
8282 9348
8283 9337
8284 9323
8285 9313
8286 9324
8287 9328
8288 9308
8289 9317
8290 9330
8291 9318
8292 9346
8293 9361
8294 9349
8295 9358
8296 9352
8297 9352
8298 9354
8299 9336
8300 9348
8301 9338
8302 9336
8303 9320
8304 9350
8305 9354
8306 9349
8307 9347
8308 9344
8309 9349
8310 9337
8311 9343
8312 9325
8313 9342
8314 9341
8315 9353
8316 9361
8317 9362
8318 9362
8319 9363
8320 9358
8321 9372
8322 9377
8323 9370
8324 9361
8325 9367
8326 9379
8327 9380
8328 9378
8329 9373
8330 9361
8331 9344
8332 9339
8333 9369
8334 9383
8335 9398
8336 9411
8337 9408
8338 9422
8339 9397
8340 9403
8341 9390
8342 9403
8343 9413
8344 9412
8345 9428
8346 9413
8347 9435
8348 9430
8349 9441
8350 9449
8351 9454
8352 9445
8353 9440
8354 9447
8355 9446
8356 9449
8357 9459
8358 9457
8359 9454
8360 9454
8361 9456
8362 9472
8363 9474
8364 9482
8365 9494
8366 9500
8367 9516
8368 9521
8369 9534
8370 9533
8371 9546
8372 9540
8373 9540
8374 9537
8375 9525
8376 9526
8377 9529
8378 9528
8379 9530
8380 9534
8381 9538
8382 9529
8383 9567
8384 9574
8385 9565
8386 9572
8387 9567
8388 9562
8389 9555
8390 9568
8391 9571
8392 9573
8393 9566
8394 9553
8395 9535
8396 9531
8397 9522
8398 9517
8399 9514
8400 9507
8401 9505
8402 9506
8403 9508
8404 9494
8405 9488
8406 9506
8407 9501
8408 9514
8409 9531
8410 9524
8411 9535
8412 9527
8413 9536
8414 9534
8415 9531
8416 9527
8417 9525
8418 9522
8419 9514
8420 9515
8421 9519
8422 9538
8423 9515
8424 9514
8425 9518
8426 9518
8427 9516
8428 9515
8429 9522
8430 9534
8431 9528
8432 9525
8433 9508
8434 9507
8435 9498
8436 9490
8437 9486
8438 9467
8439 9453
8440 9450
8441 9444
8442 9452
8443 9443
8444 9450
8445 9459
8446 9454
8447 9450
8448 9439
8449 9428
8450 9420
8451 9434
8452 9419
8453 9414
8454 9411
8455 9403
8456 9395
8457 9411
8458 9413
8459 9419
8460 9423
8461 9417
8462 9434
8463 9417
8464 9422
8465 9410
8466 9421
8467 9424
8468 9437
8469 9443
8470 9434
8471 9436
8472 9411
8473 9414
8474 9411
8475 9414
8476 9394
8477 9386
8478 9390
8479 9386
8480 9376
8481 9383
8482 9369
8483 9348
8484 9359
8485 9381
8486 9393
8487 9370
8488 9358
8489 9356
8490 9363
8491 9359
8492 9373
8493 9393
8494 9391
8495 9380
8496 9362
8497 9355
8498 9351
8499 9336
8500 9332
8501 9347
8502 9327
8503 9317
8504 9318
8505 9292
8506 9295
8507 9290
8508 9311
8509 9292
8510 9277
8511 9290
8512 9298
8513 9296
8514 9308
8515 9315
8516 9313
8517 9339
8518 9344
8519 9363
8520 9358
8521 9344
8522 9338
8523 9342
8524 9318
8525 9319
8526 9308
8527 9302
8528 9287
8529 9258
8530 9280
8531 9281
8532 9292
8533 9293
8534 9301
8535 9287
8536 9303
8537 9333
8538 9329
8539 9344
8540 9339
8541 9332
8542 9328
8543 9314
8544 9335
8545 9356
8546 9359
8547 9381
8548 9356
8549 9355
8550 9353
8551 9334
8552 9352
8553 9359
8554 9377
8555 9395
8556 9392
8557 9405
8558 9396
8559 9403
8560 9408
8561 9405
8562 9406
8563 9405
8564 9389
8565 9385
8566 9397
8567 9409
8568 9414
8569 9415
8570 9438
8571 9436
8572 9415
8573 9430
8574 9449
8575 9443
8576 9440
8577 9435
8578 9418
8579 9409
8580 9396
8581 9398
8582 9402
8583 9397
8584 9408
8585 9401
8586 9400
8587 9386
8588 9391
8589 9380
8590 9360
8591 9376
8592 9363
8593 9368
8594 9375
8595 9367
8596 9369
8597 9374
8598 9366
8599 9374
8600 9371
8601 9372
8602 9338
8603 9331
8604 9319
8605 9317
8606 9346
8607 9346
8608 9327
8609 9340
8610 9344
8611 9351
8612 9334
8613 9325
8614 9334
8615 9332
8616 9311
8617 9304
8618 9321
8619 9303
8620 9308
8621 9310
8622 9334
8623 9338
8624 9333
8625 9343
8626 9365
8627 9380
8628 9382
8629 9380
8630 9375
8631 9378
8632 9398
8633 9403
8634 9404
8635 9407
8636 9427
8637 9416
8638 9434
8639 9437
8640 9428
8641 9432
8642 9423
8643 9423
8644 9415
8645 9433
8646 9426
8647 9425
8648 9438
8649 9447
8650 9429
8651 9436
8652 9444
8653 9430
8654 9430
8655 9416
8656 9397
8657 9386
8658 9397
8659 9401
8660 9406
8661 9416
8662 9391
8663 9396
8664 9388
8665 9399
8666 9397
8667 9385
8668 9392
8669 9401
8670 9379
8671 9360
8672 9348
8673 9349
8674 9365
8675 9364
8676 9365
8677 9365
8678 9362
8679 9376
8680 9387
8681 9389
8682 9385
8683 9388
8684 9387
8685 9399
8686 9381
8687 9381
8688 9369
8689 9384
8690 9377
8691 9357
8692 9354
8693 9374
8694 9362
8695 9371
8696 9362
8697 9359
8698 9371
8699 9345
8700 9344
8701 9338
8702 9340
8703 9335
8704 9334
8705 9332
8706 9307
8707 9284
8708 9268
8709 9267
8710 9273
8711 9264
8712 9246
8713 9235
8714 9227
8715 9235
8716 9267
8717 9261
8718 9242
8719 9235
8720 9228
8721 9222
8722 9226
8723 9222
8724 9204
8725 9199
8726 9190
8727 9173
8728 9182
8729 9159
8730 9155
8731 9160
8732 9160
8733 9169
8734 9164
8735 9178
8736 9178
8737 9171
8738 9155
8739 9155
8740 9165
8741 9159
8742 9182
8743 9194
8744 9214
8745 9215
8746 9229
8747 9247
8748 9260
8749 9250
8750 9244
8751 9236
8752 9256
8753 9266
8754 9285
8755 9293
8756 9294
8757 9317
8758 9302
8759 9306
8760 9303
8761 9297
8762 9283
8763 9295
8764 9304
8765 9300
8766 9298
8767 9338
8768 9354
8769 9361
8770 9373
8771 9398
8772 9407
8773 9414
8774 9433
8775 9437
8776 9449
8777 9445
8778 9460
8779 9476
8780 9480
8781 9480
8782 9481
8783 9471
8784 9455
8785 9471
8786 9454
8787 9428
8788 9430
8789 9430
8790 9419
8791 9404
8792 9407
8793 9427
8794 9410
8795 9410
8796 9408
8797 9400
8798 9406
8799 9407
8800 9404
8801 9413
8802 9408
8803 9407
8804 9397
8805 9377
8806 9364
8807 9364
8808 9366
8809 9387
8810 9387
8811 9378
8812 9378
8813 9402
8814 9393
8815 9377
8816 9372
8817 9381
8818 9386
8819 9365
8820 9372
8821 9366
8822 9364
8823 9357
8824 9364
8825 9352
8826 9356
8827 9359
8828 9381
8829 9393
8830 9393
8831 9401
8832 9411
8833 9423
8834 9404
8835 9414
8836 9419
8837 9404
8838 9392
8839 9394
8840 9392
8841 9382
8842 9385
8843 9375
8844 9384
8845 9394
8846 9395
8847 9399
8848 9398
8849 9393
8850 9395
8851 9380
8852 9394
8853 9390
8854 9377
8855 9367
8856 9383
8857 9383
8858 9398
8859 9374
8860 9378
8861 9366
8862 9341
8863 9337
8864 9329
8865 9345
8866 9343
8867 9352
8868 9359
8869 9374
8870 9391
8871 9399
8872 9423
8873 9421
8874 9414
8875 9426
8876 9434
8877 9447
8878 9471
8879 9472
8880 9468
8881 9487
8882 9501
8883 9499
8884 9501
8885 9509
8886 9511
8887 9518
8888 9534
8889 9540
8890 9553
8891 9536
8892 9542
8893 9562
8894 9565
8895 9559
8896 9561
8897 9552
8898 9553
8899 9562
8900 9568
8901 9562
8902 9559
8903 9555
8904 9575
8905 9568
8906 9577
8907 9570
8908 9572
8909 9575
8910 9586
8911 9587
8912 9591
8913 9587
8914 9594
8915 9592
8916 9583
8917 9595
8918 9595
8919 9586
8920 9601
8921 9597
8922 9590
8923 9594
8924 9597
8925 9596
8926 9603
8927 9610
8928 9613
8929 9617
8930 9604
8931 9610
8932 9605
8933 9613
8934 9612
8935 9599
8936 9603
8937 9604
8938 9600
8939 9592
8940 9593
8941 9575
8942 9567
8943 9575
8944 9564
8945 9565
8946 9562
8947 9550
8948 9554
8949 9551
8950 9560
8951 9540
8952 9532
8953 9529
8954 9510
8955 9496
8956 9494
8957 9517
8958 9528
8959 9516
8960 9499
8961 9477
8962 9470
8963 9469
8964 9457
8965 9448
8966 9436
8967 9404
8968 9399
8969 9385
8970 9388
8971 9373
8972 9356
8973 9335
8974 9349
8975 9335
8976 9321
8977 9330
8978 9325
8979 9315
8980 9305
8981 9296
8982 9292
8983 9283
8984 9257
8985 9246
8986 9253
8987 9285
8988 9262
8989 9266
8990 9254
8991 9250
8992 9263
8993 9265
8994 9275
8995 9300
8996 9323
8997 9317
8998 9279
8999 9286
9000 9281
9001 9264
9002 9255
9003 9229
9004 9225
9005 9242
9006 9244
9007 9227
9008 9234
9009 9224
9010 9226
9011 9226
9012 9228
9013 9222
9014 9208
9015 9226
9016 9236
9017 9246
9018 9253
9019 9269
9020 9262
9021 9272
9022 9271
9023 9271
9024 9280
9025 9274
9026 9309
9027 9306
9028 9316
9029 9308
9030 9292
9031 9284
9032 9292
9033 9305
9034 9303
9035 9310
9036 9303
9037 9327
9038 9343
9039 9338
9040 9327
9041 9324
9042 9320
9043 9302
9044 9292
9045 9300
9046 9302
9047 9311
9048 9306
9049 9313
9050 9318
9051 9329
9052 9348
9053 9349
9054 9348
9055 9350
9056 9323
9057 9335
9058 9337
9059 9340
9060 9344
9061 9362
9062 9342
9063 9320
9064 9332
9065 9339
9066 9351
9067 9335
9068 9346
9069 9364
9070 9378
9071 9372
9072 9382
9073 9387
9074 9382
9075 9382
9076 9380
9077 9377
9078 9357
9079 9377
9080 9380
9081 9399
9082 9399
9083 9407
9084 9389
9085 9373
9086 9357
9087 9346
9088 9332
9089 9340
9090 9327
9091 9319
9092 9320
9093 9346
9094 9338
9095 9340
9096 9361
9097 9349
9098 9346
9099 9357
9100 9368
9101 9387
9102 9394
9103 9399
9104 9414
9105 9424
9106 9442
9107 9463
9108 9456
9109 9463
9110 9456
9111 9480
9112 9479
9113 9495
9114 9498
9115 9484
9116 9501
9117 9501
9118 9494
9119 9504
9120 9505
9121 9502
9122 9501
9123 9503
9124 9512
9125 9511
9126 9519
9127 9510
9128 9509
9129 9506
9130 9493
9131 9490
9132 9504
9133 9509
9134 9489
9135 9498
9136 9481
9137 9474
9138 9468
9139 9472
9140 9471
9141 9484
9142 9472
9143 9476
9144 9484
9145 9486
9146 9489
9147 9480
9148 9459
9149 9457
9150 9440
9151 9450
9152 9449
9153 9453
9154 9445
9155 9454
9156 9464
9157 9460
9158 9465
9159 9457
9160 9455
9161 9461
9162 9468
9163 9463
9164 9455
9165 9458
9166 9458
9167 9437
9168 9429
9169 9397
9170 9425
9171 9432
9172 9413
9173 9382
9174 9367
9175 9347
9176 9341
9177 9316
9178 9300
9179 9292
9180 9289
9181 9288
9182 9276
9183 9253
9184 9242
9185 9235
9186 9202
9187 9190
9188 9178
9189 9161
9190 9143
9191 9115
9192 9125
9193 9107
9194 9098
9195 9077
9196 9091
9197 9098
9198 9088
9199 9094
9200 9097
9201 9127
9202 9129
9203 9111
9204 9122
9205 9141
9206 9155
9207 9172
9208 9166
9209 9176
9210 9175
9211 9185
9212 9195
9213 9201
9214 9214
9215 9210
9216 9236
9217 9236
9218 9260
9219 9246
9220 9253
9221 9292
9222 9310
9223 9313
9224 9329
9225 9319
9226 9323
9227 9337
9228 9363
9229 9385
9230 9378
9231 9399
9232 9405
9233 9424
9234 9425
9235 9422
9236 9437
9237 9461
9238 9461
9239 9465
9240 9457
9241 9433
9242 9434
9243 9435
9244 9441
9245 9437
9246 9436
9247 9432
9248 9438
9249 9441
9250 9437
9251 9448
9252 9453
9253 9449
9254 9451
9255 9454
9256 9469
9257 9466
9258 9480
9259 9461
9260 9464
9261 9453
9262 9467
9263 9476
9264 9464
9265 9464
9266 9464
9267 9449
9268 9449
9269 9439
9270 9436
9271 9438
9272 9454
9273 9432
9274 9437
9275 9432
9276 9440
9277 9447
9278 9450
9279 9465
9280 9457
9281 9470
9282 9477
9283 9477
9284 9475
9285 9470
9286 9471
9287 9482
9288 9480
9289 9466
9290 9478
9291 9463
9292 9460
9293 9468
9294 9453
9295 9452
9296 9435
9297 9420
9298 9441
9299 9430
9300 9440
9301 9449
9302 9458
9303 9457
9304 9445
9305 9442
9306 9447
9307 9438
9308 9434
9309 9436
9310 9445
9311 9442
9312 9444
9313 9457
9314 9475
9315 9489
9316 9464
9317 9456
9318 9444
9319 9438
9320 9449
9321 9441
9322 9445
9323 9437
9324 9452
9325 9444
9326 9443
9327 9438
9328 9419
9329 9426
9330 9451
9331 9449
9332 9453
9333 9452
9334 9452
9335 9446
9336 9445
9337 9430
9338 9425
9339 9424
9340 9406
9341 9419
9342 9429
9343 9413
9344 9405
9345 9415
9346 9421
9347 9423
9348 9443
9349 9443
9350 9455
9351 9462
9352 9453
9353 9454
9354 9453
9355 9453
9356 9446
9357 9446
9358 9475
9359 9484
9360 9502
9361 9493
9362 9495
9363 9501
9364 9507
9365 9500
9366 9498
9367 9510
9368 9520
9369 9524
9370 9519
9371 9528
9372 9514
9373 9511
9374 9508
9375 9502
9376 9491
9377 9483
9378 9476
9379 9468
9380 9474
9381 9485
9382 9483
9383 9471
9384 9461
9385 9465
9386 9466
9387 9448
9388 9431
9389 9434
9390 9414
9391 9431
9392 9417
9393 9419
9394 9413
9395 9414
9396 9404
9397 9394
9398 9377
9399 9381
9400 9378
9401 9365
9402 9373
9403 9342
9404 9330
9405 9335
9406 9325
9407 9316
9408 9321
9409 9312
9410 9294
9411 9304
9412 9295
9413 9287
9414 9270
9415 9278
9416 9280
9417 9261
9418 9272
9419 9263
9420 9268
9421 9281
9422 9293
9423 9299
9424 9281
9425 9298
9426 9283
9427 9280
9428 9290
9429 9295
9430 9281
9431 9270
9432 9277
9433 9263
9434 9274
9435 9275
9436 9278
9437 9277
9438 9301
9439 9301
9440 9303
9441 9321
9442 9329
9443 9326
9444 9342
9445 9351
9446 9341
9447 9340
9448 9343
9449 9356
9450 9362
9451 9359
9452 9357
9453 9365
9454 9387
9455 9398
9456 9385
9457 9402
9458 9406
9459 9400
9460 9391
9461 9396
9462 9401
9463 9416
9464 9420
9465 9439
9466 9444
9467 9443
9468 9459
9469 9466
9470 9469
9471 9464
9472 9451
9473 9438
9474 9448
9475 9454
9476 9453
9477 9434
9478 9430
9479 9447
9480 9445
9481 9437
9482 9436
9483 9443
9484 9456
9485 9454
9486 9453
9487 9460
9488 9459
9489 9478
9490 9473
9491 9466
9492 9458
9493 9454
9494 9452
9495 9445
9496 9438
9497 9434
9498 9431
9499 9422
9500 9426
9501 9416
9502 9411
9503 9405
9504 9418
9505 9417
9506 9435
9507 9427
9508 9421
9509 9394
9510 9400
9511 9394
9512 9391
9513 9398
9514 9389
9515 9369
9516 9363
9517 9367
9518 9367
9519 9363
9520 9352
9521 9351
9522 9349
9523 9346
9524 9337
9525 9343
9526 9343
9527 9332
9528 9336
9529 9328
9530 9327
9531 9333
9532 9334
9533 9340
9534 9348
9535 9351
9536 9375
9537 9367
9538 9353
9539 9358
9540 9357
9541 9371
9542 9378
9543 9383
9544 9392
9545 9370
9546 9370
9547 9365
9548 9358
9549 9376
9550 9365
9551 9345
9552 9352
9553 9358
9554 9365
9555 9362
9556 9369
9557 9391
9558 9371
9559 9357
9560 9361
9561 9381
9562 9385
9563 9376
9564 9389
9565 9380
9566 9393
9567 9380
9568 9381
9569 9393
9570 9391
9571 9378
9572 9376
9573 9373
9574 9363
9575 9372
9576 9370
9577 9359
9578 9331
9579 9329
9580 9309
9581 9323
9582 9334
9583 9332
9584 9331
9585 9321
9586 9311
9587 9296
9588 9297
9589 9282
9590 9274
9591 9299
9592 9304
9593 9329
9594 9339
9595 9314
9596 9313
9597 9324
9598 9318
9599 9315
9600 9316
9601 9315
9602 9319
9603 9327
9604 9312
9605 9315
9606 9290
9607 9287
9608 9291
9609 9290
9610 9273
9611 9283
9612 9294
9613 9295
9614 9301
9615 9312
9616 9320
9617 9328
9618 9332
9619 9331
9620 9324
9621 9311
9622 9308
9623 9322
9624 9331
9625 9337
9626 9334
9627 9317
9628 9311
9629 9326
9630 9322
9631 9311
9632 9306
9633 9302
9634 9287
9635 9271
9636 9285
9637 9291
9638 9296
9639 9284
9640 9288
9641 9310
9642 9297
9643 9300
9644 9308
9645 9302
9646 9273
9647 9290
9648 9279
9649 9261
9650 9241
9651 9244
9652 9254
9653 9264
9654 9256
9655 9270
9656 9268
9657 9257
9658 9230
9659 9226
9660 9216
9661 9225
9662 9214
9663 9217
9664 9220
9665 9215
9666 9190
9667 9187
9668 9200
9669 9199
9670 9219
9671 9223
9672 9237
9673 9254
9674 9270
9675 9254
9676 9242
9677 9258
9678 9241
9679 9262
9680 9255
9681 9276
9682 9274
9683 9278
9684 9278
9685 9278
9686 9276
9687 9267
9688 9282
9689 9300
9690 9292
9691 9320
9692 9337
9693 9330
9694 9328
9695 9319
9696 9323
9697 9352
9698 9350
9699 9348
9700 9347
9701 9344
9702 9322
9703 9322
9704 9326
9705 9346
9706 9337
9707 9346
9708 9361
9709 9366
9710 9385
9711 9382
9712 9374
9713 9391
9714 9405
9715 9419
9716 9420
9717 9440
9718 9413
9719 9424
9720 9426
9721 9429
9722 9433
9723 9441
9724 9460
9725 9458
9726 9459
9727 9478
9728 9488
9729 9493
9730 9498
9731 9485
9732 9492
9733 9511
9734 9517
9735 9511
9736 9513
9737 9527
9738 9525
9739 9537
9740 9542
9741 9548
9742 9545
9743 9541
9744 9540
9745 9534
9746 9529
9747 9513
9748 9501
9749 9500
9750 9492
9751 9489
9752 9494
9753 9500
9754 9494
9755 9480
9756 9484
9757 9475
9758 9484
9759 9478
9760 9477
9761 9470
9762 9473
9763 9450
9764 9445
9765 9457
9766 9451
9767 9466
9768 9448
9769 9436
9770 9408
9771 9386
9772 9388
9773 9400
9774 9417
9775 9402
9776 9387
9777 9383
9778 9382
9779 9402
9780 9395
9781 9394
9782 9395
9783 9405
9784 9402
9785 9415
9786 9424
9787 9422
9788 9408
9789 9412
9790 9425
9791 9436
9792 9442
9793 9445
9794 9444
9795 9427
9796 9441
9797 9432
9798 9430
9799 9434
9800 9428
9801 9446
9802 9425
9803 9419
9804 9416
9805 9417
9806 9423
9807 9429
9808 9428
9809 9416
9810 9427
9811 9434
9812 9431
9813 9433
9814 9432
9815 9440
9816 9450
9817 9461
9818 9465
9819 9451
9820 9459
9821 9462
9822 9463
9823 9465
9824 9460
9825 9457
9826 9446
9827 9467
9828 9476
9829 9483
9830 9478
9831 9476
9832 9502
9833 9507
9834 9494
9835 9495
9836 9494
9837 9502
9838 9509
9839 9501
9840 9495
9841 9500
9842 9496
9843 9512
9844 9479
9845 9473
9846 9475
9847 9459
9848 9461
9849 9444
9850 9445
9851 9441
9852 9447
9853 9418
9854 9414
9855 9402
9856 9396
9857 9407
9858 9403
9859 9398
9860 9394
9861 9389
9862 9396
9863 9415
9864 9405
9865 9411
9866 9403
9867 9403
9868 9406
9869 9399
9870 9388
9871 9390
9872 9400
9873 9376
9874 9363
9875 9357
9876 9356
9877 9347
9878 9338
9879 9334
9880 9335
9881 9324
9882 9337
9883 9344
9884 9345
9885 9355
9886 9378
9887 9385
9888 9378
9889 9384
9890 9380
9891 9373
9892 9370
9893 9361
9894 9376
9895 9379
9896 9368
9897 9356
9898 9366
9899 9372
9900 9361
9901 9388
9902 9373
9903 9351
9904 9348
9905 9342
9906 9359
9907 9358
9908 9361
9909 9371
9910 9377
9911 9375
9912 9382
9913 9380
9914 9390
9915 9395
9916 9390
9917 9391
9918 9402
9919 9392
9920 9379
9921 9372
9922 9366
9923 9363
9924 9371
9925 9389
9926 9404
9927 9413
9928 9418
9929 9436
9930 9436
9931 9451
9932 9466
9933 9472
9934 9455
9935 9473
9936 9484
9937 9471
9938 9468
9939 9481
9940 9487
9941 9475
9942 9474
9943 9465
9944 9481
9945 9487
9946 9483
9947 9471
9948 9464
9949 9467
9950 9466
9951 9453
9952 9470
9953 9470
9954 9476
9955 9487
9956 9472
9957 9463
9958 9453
9959 9466
9960 9472
9961 9466
9962 9457
9963 9453
9964 9455
9965 9466
9966 9451
9967 9458
9968 9456
9969 9439
9970 9448
9971 9443
9972 9444
9973 9449
9974 9457
9975 9453
9976 9460
9977 9445
9978 9438
9979 9424
9980 9396
9981 9401
9982 9413
9983 9392
9984 9391
9985 9371
9986 9363
9987 9363
9988 9361
9989 9346
9990 9361
9991 9355
9992 9366
9993 9366
9994 9362
9995 9346
9996 9333
9997 9339
9998 9308
9999 9301
