0 10000
1 9993
2 9986
3 9970
4 9953
5 9941
6 9922
7 9900
8 9883
9 9867
10 9849
11 9830
12 9808
13 9764
14 9725
15 9698
16 9651
17 9609
18 9559
19 9505
20 9454
21 9393
22 9318
23 9241
24 9167
25 9070
26 8979
27 8884
28 8782
29 8682
30 8565
31 8458
32 8337
33 8213
34 8066
35 7928
36 7796
37 7638
38 7469
39 7338
40 7195
41 7043
42 6897
43 6732
44 6583
45 6417
46 6290
47 6158
48 6014
49 5851
50 5740
51 5632
52 5518
53 5404
54 5280
55 5181
56 5073
57 4956
58 4861
59 4800
60 4732
61 4662
62 4597
63 4541
64 4494
65 4438
66 4385
67 4367
68 4343
69 4286
70 4255
71 4230
72 4213
73 4188
74 4165
75 4151
76 4133
77 4125
78 4120
79 4117
80 4100
81 4091
82 4093
83 4109
84 4122
85 4124
86 4125
87 4138
88 4146
89 4160
90 4155
91 4170
92 4193
93 4200
94 4235
95 4258
96 4287
97 4313
98 4320
99 4364
100 4391
101 4409
102 4439
103 4468
104 4492
105 4518
106 4536
107 4562
108 4587
109 4605
110 4635
111 4645
112 4666
113 4696
114 4737
115 4769
116 4801
117 4831
118 4855
119 4896
120 4916
121 4937
122 4950
123 4980
124 5011
125 5036
126 5064
127 5092
128 5123
129 5135
130 5157
131 5177
132 5208
133 5229
134 5249
135 5260
136 5273
137 5282
138 5315
139 5336
140 5356
141 5377
142 5392
143 5417
144 5446
145 5459
146 5473
147 5486
148 5493
149 5498
150 5520
151 5538
152 5542
153 5542
154 5556
155 5564
156 5556
157 5558
158 5563
159 5590
160 5584
161 5572
162 5571
163 5560
164 5573
165 5569
166 5577
167 5581
168 5571
169 5551
170 5536
171 5529
172 5518
173 5512
174 5496
175 5494
176 5498
177 5480
178 5454
179 5442
180 5413
181 5405
182 5391
183 5370
184 5350
185 5351
186 5311
187 5297
188 5268
189 5242
190 5195
191 5164
192 5150
193 5108
194 5073
195 5064
196 5030
197 4995
198 4975
199 4956
200 4937
201 4900
202 4878
203 4848
204 4804
205 4776
206 4740
207 4708
208 4690
209 4662
210 4641
211 4634
212 4622
213 4613
214 4585
215 4604
216 4585
217 4562
218 4551
219 4533
220 4503
221 4468
222 4419
223 4401
224 4384
225 4372
226 4374
227 4354
228 4339
229 4343
230 4307
231 4302
232 4307
233 4303
234 4298
235 4288
236 4290
237 4313
238 4313
239 4310
240 4317
241 4338
242 4355
243 4359
244 4370
245 4382
246 4387
247 4395
248 4400
249 4420
250 4412
251 4416
252 4400
253 4414
254 4411
255 4407
256 4394
257 4390
258 4390
259 4398
260 4391
261 4391
262 4399
263 4416
264 4429
265 4442
266 4438
267 4461
268 4458
269 4458
270 4481
271 4504
272 4501
273 4508
274 4520
275 4519
276 4525
277 4519
278 4522
279 4535
280 4539
281 4552
282 4562
283 4551
284 4560
285 4576
286 4598
287 4597
288 4593
289 4598
290 4623
291 4624
292 4613
293 4616
294 4644
295 4639
296 4654
297 4663
298 4674
299 4680
300 4706
301 4705
302 4703
303 4707
304 4716
305 4737
306 4750
307 4749
308 4762
309 4777
310 4767
311 4775
312 4781
313 4780
314 4782
315 4799
316 4816
317 4814
318 4821
319 4842
320 4838
321 4858
322 4872
323 4882
324 4887
325 4893
326 4893
327 4907
328 4918
329 4919
330 4928
331 4915
332 4904
333 4911
334 4890
335 4895
336 4904
337 4907
338 4930
339 4942
340 4942
341 4948
342 4955
343 4964
344 4959
345 4955
346 4949
347 4949
348 4948
349 4939
350 4930
351 4934
352 4922
353 4915
354 4904
355 4901
356 4925
357 4916
358 4911
359 4908
360 4907
361 4905
362 4903
363 4889
364 4894
365 4902
366 4918
367 4928
368 4926
369 4923
370 4922
371 4909
372 4912
373 4908
374 4896
375 4883
376 4883
377 4866
378 4857
379 4848
380 4846
381 4835
382 4813
383 4798
384 4786
385 4788
386 4787
387 4777
388 4779
389 4794
390 4787
391 4795
392 4770
393 4775
394 4766
395 4759
396 4753
397 4746
398 4738
399 4750
400 4740
401 4735
402 4734
403 4743
404 4747
405 4748
406 4734
407 4738
408 4726
409 4735
410 4720
411 4729
412 4726
413 4733
414 4726
415 4713
416 4719
417 4730
418 4724
419 4726
420 4706
421 4695
422 4680
423 4672
424 4660
425 4654
426 4643
427 4621
428 4600
429 4591
430 4581
431 4558
432 4528
433 4521
434 4514
435 4517
436 4491
437 4488
438 4508
439 4511
440 4530
441 4535
442 4547
443 4543
444 4546
445 4551
446 4546
447 4541
448 4529
449 4543
450 4562
451 4569
452 4585
453 4577
454 4596
455 4606
456 4588
457 4598
458 4598
459 4620
460 4640
461 4639
462 4652
463 4663
464 4672
465 4683
466 4678
467 4691
468 4702
469 4704
470 4697
471 4701
472 4710
473 4716
474 4719
475 4713
476 4720
477 4726
478 4741
479 4738
480 4724
481 4728
482 4741
483 4755
484 4753
485 4752
486 4749
487 4740
488 4753
489 4759
490 4772
491 4775
492 4771
493 4777
494 4772
495 4778
496 4796
497 4815
498 4830
499 4845
500 4844
501 4848
502 4850
503 4853
504 4841
505 4847
506 4837
507 4832
508 4823
509 4818
510 4834
511 4836
512 4845
513 4846
514 4856
515 4854
516 4855
517 4860
518 4840
519 4840
520 4847
521 4828
522 4856
523 4857
524 4848
525 4842
526 4854
527 4855
528 4864
529 4860
530 4857
531 4856
532 4863
533 4869
534 4867
535 4875
536 4861
537 4839
538 4837
539 4843
540 4833
541 4818
542 4827
543 4837
544 4828
545 4855
546 4852
547 4845
548 4838
549 4835
550 4843
551 4846
552 4835
553 4832
554 4841
555 4854
556 4847
557 4860
558 4857
559 4869
560 4885
561 4880
562 4906
563 4900
564 4882
565 4871
566 4878
567 4895
568 4896
569 4875
570 4867
571 4856
572 4867
573 4872
574 4856
575 4863
576 4868
577 4873
578 4879
579 4887
580 4880
581 4865
582 4861
583 4854
584 4848
585 4846
586 4841
587 4845
588 4841
589 4860
590 4852
591 4843
592 4854
593 4849
594 4865
595 4835
596 4845
597 4854
598 4843
599 4836
600 4835
601 4819
602 4823
603 4803
604 4795
605 4787
606 4791
607 4777
608 4778
609 4758
610 4744
611 4700
612 4705
613 4712
614 4707
615 4699
616 4690
617 4694
618 4682
619 4679
620 4664
621 4671
622 4666
623 4636
624 4630
625 4639
626 4617
627 4612
628 4603
629 4610
630 4596
631 4588
632 4575
633 4557
634 4540
635 4533
636 4543
637 4526
638 4522
639 4522
640 4515
641 4512
642 4525
643 4531
644 4530
645 4521
646 4526
647 4542
648 4555
649 4560
650 4579
651 4595
652 4590
653 4603
654 4605
655 4588
656 4585
657 4586
658 4592
659 4587
660 4602
661 4611
662 4621
663 4621
664 4622
665 4624
666 4614
667 4617
668 4616
669 4620
670 4623
671 4616
672 4601
673 4619
674 4618
675 4603
676 4586
677 4579
678 4569
679 4554
680 4543
681 4548
682 4556
683 4552
684 4553
685 4544
686 4552
687 4566
688 4547
689 4559
690 4564
691 4566
692 4561
693 4561
694 4563
695 4549
696 4549
697 4543
698 4542
699 4533
700 4521
701 4501
702 4494
703 4491
704 4486
705 4487
706 4486
707 4468
708 4475
709 4470
710 4474
711 4452
712 4456
713 4447
714 4422
715 4435
716 4441
717 4441
718 4426
719 4436
720 4429
721 4414
722 4405
723 4399
724 4373
725 4355
726 4359
727 4334
728 4310
729 4288
730 4294
731 4291
732 4293
733 4282
734 4298
735 4296
736 4301
737 4303
738 4311
739 4316
740 4338
741 4338
742 4337
743 4351
744 4366
745 4372
746 4365
747 4388
748 4389
749 4411
750 4414
751 4404
752 4398
753 4418
754 4432
755 4444
756 4453
757 4477
758 4490
759 4495
760 4497
761 4511
762 4521
763 4549
764 4547
765 4558
766 4550
767 4573
768 4572
769 4581
770 4581
771 4568
772 4564
773 4599
774 4623
775 4621
776 4608
777 4613
778 4613
779 4618
780 4618
781 4631
782 4636
783 4634
784 4654
785 4653
786 4651
787 4677
788 4666
789 4668
790 4664
791 4682
792 4692
793 4699
794 4696
795 4714
796 4698
797 4707
798 4719
799 4710
800 4702
801 4702
802 4712
803 4712
804 4709
805 4722
806 4731
807 4742
808 4764
809 4767
810 4766
811 4763
812 4763
813 4781
814 4786
815 4781
816 4781
817 4772
818 4778
819 4780
820 4766
821 4759
822 4763
823 4766
824 4752
825 4749
826 4751
827 4740
828 4746
829 4748
830 4754
831 4753
832 4748
833 4750
834 4758
835 4761
836 4752
837 4751
838 4757
839 4759
840 4743
841 4732
842 4735
843 4722
844 4725
845 4729
846 4720
847 4726
848 4726
849 4740
850 4730
851 4732
852 4727
853 4737
854 4746
855 4726
856 4742
857 4743
858 4735
859 4727
860 4711
861 4712
862 4720
863 4703
864 4707
865 4715
866 4714
867 4727
868 4723
869 4703
870 4697
871 4701
872 4712
873 4712
874 4705
875 4702
876 4679
877 4681
878 4684
879 4699
880 4687
881 4704
882 4692
883 4693
884 4673
885 4674
886 4670
887 4662
888 4672
889 4693
890 4698
891 4702
892 4718
893 4720
894 4733
895 4750
896 4760
897 4775
898 4780
899 4790
900 4800
901 4814
902 4806
903 4832
904 4816
905 4818
906 4809
907 4801
908 4821
909 4824
910 4818
911 4835
912 4838
913 4836
914 4849
915 4877
916 4854
917 4859
918 4866
919 4866
920 4873
921 4889
922 4913
923 4905
924 4898
925 4902
926 4912
927 4908
928 4918
929 4931
930 4951
931 4986
932 4960
933 4966
934 4987
935 4974
936 4976
937 4978
938 4977
939 4985
940 4996
941 5002
942 4991
943 4996
944 4975
945 4972
946 4971
947 4953
948 4953
949 4943
950 4960
951 4944
952 4946
953 4949
954 4956
955 4931
956 4929
957 4902
958 4899
959 4912
960 4907
961 4900
962 4897
963 4895
964 4894
965 4879
966 4877
967 4871
968 4859
969 4860
970 4854
971 4852
972 4840
973 4835
974 4832
975 4820
976 4813
977 4821
978 4815
979 4793
980 4783
981 4778
982 4785
983 4784
984 4786
985 4766
986 4757
987 4737
988 4729
989 4710
990 4705
991 4688
992 4676
993 4686
994 4679
995 4676
996 4669
997 4653
998 4649
999 4630
1000 4619
1001 4606
1002 4599
1003 4611
1004 4605
1005 4596
1006 4591
1007 4596
1008 4588
1009 4585
1010 4580
1011 4576
1012 4557
1013 4561
1014 4553
1015 4541
1016 4545
1017 4537
1018 4525
1019 4530
1020 4523
1021 4539
1022 4537
1023 4542
1024 4544
1025 4554
1026 4555
1027 4545
1028 4545
1029 4560
1030 4560
1031 4571
1032 4580
1033 4575
1034 4579
1035 4593
1036 4592
1037 4611
1038 4617
1039 4628
1040 4608
1041 4612
1042 4614
1043 4596
1044 4602
1045 4608
1046 4614
1047 4613
1048 4615
1049 4612
1050 4624
1051 4645
1052 4639
1053 4640
1054 4633
1055 4642
1056 4631
1057 4632
1058 4608
1059 4588
1060 4577
1061 4572
1062 4573
1063 4564
1064 4548
1065 4536
1066 4529
1067 4511
1068 4505
1069 4480
1070 4478
1071 4471
1072 4458
1073 4444
1074 4418
1075 4413
1076 4419
1077 4402
1078 4380
1079 4391
1080 4401
1081 4385
1082 4385
1083 4368
1084 4363
1085 4360
1086 4351
1087 4345
1088 4335
1089 4343
1090 4329
1091 4316
1092 4301
1093 4299
1094 4281
1095 4258
1096 4223
1097 4209
1098 4191
1099 4179
1100 4164
1101 4142
1102 4129
1103 4141
1104 4119
1105 4121
1106 4098
1107 4080
1108 4095
1109 4102
1110 4116
1111 4126
1112 4125
1113 4134
1114 4135
1115 4126
1116 4138
1117 4135
1118 4115
1119 4114
1120 4112
1121 4119
1122 4125
1123 4125
1124 4140
1125 4159
1126 4164
1127 4183
1128 4171
1129 4175
1130 4168
1131 4167
1132 4166
1133 4181
1134 4187
1135 4183
1136 4191
1137 4213
1138 4221
1139 4218
1140 4233
1141 4259
1142 4252
1143 4269
1144 4278
1145 4276
1146 4289
1147 4290
1148 4307
1149 4330
1150 4323
1151 4327
1152 4340
1153 4356
1154 4362
1155 4383
1156 4406
1157 4415
1158 4435
1159 4449
1160 4469
1161 4486
1162 4501
1163 4520
1164 4534
1165 4566
1166 4580
1167 4593
1168 4601
1169 4619
1170 4633
1171 4666
1172 4681
1173 4696
1174 4706
1175 4706
1176 4720
1177 4738
1178 4727
1179 4720
1180 4736
1181 4743
1182 4743
1183 4753
1184 4767
1185 4769
1186 4761
1187 4763
1188 4766
1189 4772
1190 4759
1191 4761
1192 4773
1193 4789
1194 4790
1195 4794
1196 4805
1197 4791
1198 4799
1199 4818
1200 4825
1201 4818
1202 4850
1203 4853
1204 4847
1205 4836
1206 4851
1207 4869
1208 4879
1209 4869
1210 4879
1211 4871
1212 4861
1213 4861
1214 4874
1215 4876
1216 4867
1217 4873
1218 4863
1219 4865
1220 4862
1221 4848
1222 4846
1223 4858
1224 4869
1225 4880
1226 4891
1227 4883
1228 4885
1229 4886
1230 4900
1231 4911
1232 4923
1233 4936
1234 4936
1235 4950
1236 4975
1237 4973
1238 4984
1239 4991
1240 5012
1241 5006
1242 5010
1243 5012
1244 5023
1245 5031
1246 5027
1247 5018
1248 5022
1249 5036
1250 5050
1251 5051
1252 5040
1253 5054
1254 5052
1255 5039
1256 5055
1257 5049
1258 5046
1259 5041
1260 5032
1261 5027
1262 5019
1263 5018
1264 5012
1265 5015
1266 5011
1267 5008
1268 5016
1269 5002
1270 4989
1271 4967
1272 4963
1273 4964
1274 4936
1275 4932
1276 4918
1277 4915
1278 4911
1279 4923
1280 4894
1281 4897
1282 4891
1283 4879
1284 4892
1285 4889
1286 4898
1287 4881
1288 4879
1289 4888
1290 4888
1291 4883
1292 4871
1293 4873
1294 4881
1295 4846
1296 4834
1297 4811
1298 4797
1299 4805
1300 4790
1301 4795
1302 4792
1303 4792
1304 4790
1305 4763
1306 4739
1307 4751
1308 4748
1309 4731
1310 4728
1311 4730
1312 4735
1313 4712
1314 4699
1315 4701
1316 4703
1317 4721
1318 4717
1319 4730
1320 4741
1321 4734
1322 4721
1323 4727
1324 4738
1325 4756
1326 4766
1327 4774
1328 4780
1329 4809
1330 4809
1331 4798
1332 4804
1333 4819
1334 4821
1335 4820
1336 4832
1337 4841
1338 4852
1339 4841
1340 4860
1341 4865
1342 4868
1343 4876
1344 4878
1345 4862
1346 4853
1347 4869
1348 4866
1349 4888
1350 4892
1351 4895
1352 4898
1353 4897
1354 4899
1355 4898
1356 4883
1357 4885
1358 4874
1359 4864
1360 4869
1361 4869
1362 4866
1363 4856
1364 4859
1365 4857
1366 4864
1367 4868
1368 4863
1369 4869
1370 4887
1371 4897
1372 4896
1373 4886
1374 4875
1375 4886
1376 4872
1377 4860
1378 4870
1379 4867
1380 4874
1381 4865
1382 4863
1383 4841
1384 4844
1385 4828
1386 4836
1387 4819
1388 4807
1389 4804
1390 4804
1391 4809
1392 4812
1393 4810
1394 4821
1395 4810
1396 4809
1397 4804
1398 4795
1399 4788
1400 4795
1401 4783
1402 4777
1403 4765
1404 4758
1405 4750
1406 4748
1407 4732
1408 4731
1409 4724
1410 4713
1411 4721
1412 4715
1413 4707
1414 4706
1415 4714
1416 4698
1417 4706
1418 4705
1419 4694
1420 4711
1421 4719
1422 4731
1423 4734
1424 4739
1425 4749
1426 4763
1427 4763
1428 4749
1429 4757
1430 4767
1431 4760
1432 4769
1433 4778
1434 4777
1435 4775
1436 4790
1437 4810
1438 4812
1439 4826
1440 4820
1441 4836
1442 4840
1443 4853
1444 4855
1445 4863
1446 4861
1447 4876
1448 4880
1449 4888
1450 4900
1451 4916
1452 4919
1453 4930
1454 4933
1455 4948
1456 4946
1457 4951
1458 4942
1459 4940
1460 4928
1461 4921
1462 4907
1463 4900
1464 4910
1465 4904
1466 4897
1467 4899
1468 4899
1469 4906
1470 4916
1471 4921
1472 4911
1473 4909
1474 4894
1475 4884
1476 4874
1477 4877
1478 4893
1479 4882
1480 4879
1481 4865
1482 4869
1483 4859
1484 4866
1485 4872
1486 4855
1487 4846
1488 4850
1489 4853
1490 4863
1491 4849
1492 4834
1493 4822
1494 4822
1495 4812
1496 4781
1497 4776
1498 4762
1499 4751
1500 4749
1501 4743
1502 4728
1503 4723
1504 4706
1505 4700
1506 4714
1507 4693
1508 4703
1509 4700
1510 4700
1511 4682
1512 4667
1513 4648
1514 4658
1515 4652
1516 4645
1517 4662
1518 4650
1519 4653
1520 4636
1521 4622
1522 4596
1523 4597
1524 4606
1525 4610
1526 4603
1527 4589
1528 4575
1529 4576
1530 4585
1531 4573
1532 4566
1533 4583
1534 4591
1535 4603
1536 4602
1537 4602
1538 4598
1539 4588
1540 4554
1541 4555
1542 4561
1543 4535
1544 4521
1545 4525
1546 4527
1547 4526
1548 4527
1549 4517
1550 4502
1551 4489
1552 4463
1553 4471
1554 4462
1555 4445
1556 4428
1557 4423
1558 4425
1559 4396
1560 4384
1561 4372
1562 4361
1563 4337
1564 4327
1565 4324
1566 4301
1567 4286
1568 4267
1569 4273
1570 4252
1571 4257
1572 4246
1573 4254
1574 4264
1575 4255
1576 4256
1577 4245
1578 4232
1579 4211
1580 4192
1581 4180
1582 4189
1583 4157
1584 4158
1585 4151
1586 4146
1587 4139
1588 4127
1589 4129
1590 4127
1591 4114
1592 4103
1593 4107
1594 4099
1595 4100
1596 4111
1597 4104
1598 4134
1599 4129
1600 4132
1601 4159
1602 4159
1603 4146
1604 4168
1605 4202
1606 4222
1607 4235
1608 4233
1609 4240
1610 4251
1611 4255
1612 4263
1613 4268
1614 4270
1615 4253
1616 4248
1617 4250
1618 4255
1619 4256
1620 4260
1621 4249
1622 4250
1623 4245
1624 4262
1625 4272
1626 4279
1627 4266
1628 4282
1629 4298
1630 4314
1631 4325
1632 4317
1633 4309
1634 4325
1635 4336
1636 4348
1637 4349
1638 4361
1639 4344
1640 4357
1641 4365
1642 4383
1643 4381
1644 4397
1645 4414
1646 4429
1647 4454
1648 4470
1649 4476
1650 4489
1651 4496
1652 4501
1653 4491
1654 4503
1655 4519
1656 4531
1657 4548
1658 4572
1659 4572
1660 4568
1661 4566
1662 4559
1663 4574
1664 4575
1665 4576
1666 4570
1667 4572
1668 4582
1669 4597
1670 4601
1671 4615
1672 4609
1673 4610
1674 4615
1675 4613
1676 4625
1677 4634
1678 4644
1679 4663
1680 4657
1681 4659
1682 4667
1683 4667
1684 4704
1685 4720
1686 4722
1687 4727
1688 4753
1689 4761
1690 4753
1691 4772
1692 4777
1693 4798
1694 4799
1695 4790
1696 4800
1697 4807
1698 4818
1699 4815
1700 4814
1701 4834
1702 4841
1703 4845
1704 4852
1705 4851
1706 4829
1707 4819
1708 4823
1709 4822
1710 4831
1711 4831
1712 4829
1713 4831
1714 4821
1715 4815
1716 4806
1717 4814
1718 4812
1719 4822
1720 4825
1721 4835
1722 4815
1723 4826
1724 4847
1725 4845
1726 4856
1727 4860
1728 4874
1729 4864
1730 4863
1731 4863
1732 4861
1733 4870
1734 4876
1735 4879
1736 4882
1737 4876
1738 4887
1739 4890
1740 4897
1741 4896
1742 4910
1743 4916
1744 4913
1745 4902
1746 4914
1747 4925
1748 4938
1749 4939
1750 4944
1751 4965
1752 4975
1753 4976
1754 4981
1755 5007
1756 4991
1757 4979
1758 4992
1759 4999
1760 5003
1761 5012
1762 5014
1763 5044
1764 5039
1765 5042
1766 5041
1767 5058
1768 5058
1769 5075
1770 5104
1771 5130
1772 5134
1773 5152
1774 5170
1775 5162
1776 5159
1777 5165
1778 5166
1779 5164
1780 5160
1781 5162
1782 5164
1783 5174
1784 5172
1785 5164
1786 5159
1787 5156
1788 5169
1789 5176
1790 5188
1791 5192
1792 5192
1793 5181
1794 5177
1795 5167
1796 5169
1797 5159
1798 5149
1799 5130
1800 5115
1801 5115
1802 5105
1803 5079
1804 5078
1805 5062
1806 5031
1807 4999
1808 4993
1809 4979
1810 4950
1811 4954
1812 4935
1813 4941
1814 4931
1815 4932
1816 4935
1817 4922
1818 4904
1819 4876
1820 4856
1821 4845
1822 4829
1823 4803
1824 4790
1825 4784
1826 4774
1827 4772
1828 4768
1829 4756
1830 4736
1831 4706
1832 4695
1833 4682
1834 4681
1835 4661
1836 4655
1837 4635
1838 4622
1839 4614
1840 4598
1841 4596
1842 4597
1843 4600
1844 4601
1845 4592
1846 4587
1847 4592
1848 4602
1849 4612
1850 4606
1851 4587
1852 4587
1853 4587
1854 4592
1855 4606
1856 4615
1857 4615
1858 4603
1859 4606
1860 4596
1861 4591
1862 4587
1863 4593
1864 4612
1865 4616
1866 4618
1867 4612
1868 4609
1869 4607
1870 4617
1871 4631
1872 4627
1873 4639
1874 4648
1875 4648
1876 4647
1877 4644
1878 4652
1879 4673
1880 4684
1881 4686
1882 4690
1883 4695
1884 4691
1885 4678
1886 4680
1887 4701
1888 4691
1889 4704
1890 4725
1891 4735
1892 4750
1893 4762
1894 4772
1895 4790
1896 4789
1897 4804
1898 4815
1899 4847
1900 4860
1901 4866
1902 4879
1903 4895
1904 4901
1905 4935
1906 4944
1907 4940
1908 4954
1909 4943
1910 4945
1911 4949
1912 4958
1913 4965
1914 4966
1915 4973
1916 4984
1917 4998
1918 5011
1919 5012
1920 5005
1921 5013
1922 5014
1923 5024
1924 5027
1925 5018
1926 5004
1927 5001
1928 4997
1929 5013
1930 5025
1931 5029
1932 5017
1933 5028
1934 5012
1935 4999
1936 5005
1937 4997
1938 5009
1939 5006
1940 5004
1941 4997
1942 4982
1943 4985
1944 4998
1945 4972
1946 4956
1947 4957
1948 4979
1949 4984
1950 4985
1951 4969
1952 4953
1953 4928
1954 4920
1955 4910
1956 4917
1957 4908
1958 4906
1959 4895
1960 4900
1961 4893
1962 4894
1963 4886
1964 4887
1965 4866
1966 4866
1967 4838
1968 4821
1969 4813
1970 4792
1971 4788
1972 4780
1973 4761
1974 4735
1975 4723
1976 4716
1977 4718
1978 4690
1979 4684
1980 4664
1981 4651
1982 4639
1983 4635
1984 4602
1985 4620
1986 4596
1987 4583
1988 4555
1989 4519
1990 4505
1991 4495
1992 4499
1993 4491
1994 4466
1995 4437
1996 4434
1997 4428
1998 4411
1999 4394
2000 4389
2001 4391
2002 4370
2003 4348
2004 4335
2005 4321
2006 4316
2007 4294
2008 4274
2009 4276
2010 4285
2011 4262
2012 4253
2013 4254
2014 4235
2015 4215
2016 4215
2017 4198
2018 4208
2019 4200
2020 4195
2021 4191
2022 4193
2023 4198
2024 4193
2025 4189
2026 4184
2027 4159
2028 4167
2029 4160
2030 4153
2031 4130
2032 4130
2033 4123
2034 4115
2035 4102
2036 4085
2037 4064
2038 4056
2039 4068
2040 4072
2041 4034
2042 4036
2043 4039
2044 4021
2045 3992
2046 3991
2047 3996
2048 4014
2049 4028
2050 4033
2051 4040
2052 4045
2053 4064
2054 4066
2055 4074
2056 4095
2057 4118
2058 4127
2059 4130
2060 4149
2061 4170
2062 4167
2063 4158
2064 4177
2065 4198
2066 4202
2067 4214
2068 4216
2069 4219
2070 4221
2071 4223
2072 4239
2073 4251
2074 4259
2075 4250
2076 4260
2077 4261
2078 4253
2079 4255
2080 4247
2081 4241
2082 4257
2083 4248
2084 4260
2085 4261
2086 4248
2087 4250
2088 4261
2089 4277
2090 4291
2091 4307
2092 4328
2093 4340
2094 4355
2095 4351
2096 4359
2097 4365
2098 4351
2099 4372
2100 4397
2101 4393
2102 4408
2103 4429
2104 4436
2105 4440
2106 4461
2107 4500
2108 4507
2109 4511
2110 4518
2111 4514
2112 4518
2113 4531
2114 4536
2115 4545
2116 4558
2117 4563
2118 4552
2119 4569
2120 4572
2121 4586
2122 4601
2123 4617
2124 4647
2125 4641
2126 4643
2127 4660
2128 4683
2129 4699
2130 4712
2131 4719
2132 4727
2133 4724
2134 4746
2135 4740
2136 4727
2137 4737
2138 4717
2139 4706
2140 4712
2141 4716
2142 4720
2143 4732
2144 4739
2145 4737
2146 4742
2147 4753
2148 4763
2149 4764
2150 4759
2151 4779
2152 4800
2153 4818
2154 4814
2155 4816
2156 4826
2157 4824
2158 4833
2159 4838
2160 4853
2161 4857
2162 4855
2163 4869
2164 4877
2165 4888
2166 4901
2167 4900
2168 4895
2169 4908
2170 4903
2171 4899
2172 4900
2173 4905
2174 4911
2175 4920
2176 4917
2177 4913
2178 4912
2179 4920
2180 4912
2181 4902
2182 4896
2183 4907
2184 4916
2185 4909
2186 4922
2187 4916
2188 4919
2189 4919
2190 4909
2191 4921
2192 4928
2193 4937
2194 4936
2195 4932
2196 4934
2197 4944
2198 4946
2199 4940
2200 4925
2201 4928
2202 4916
2203 4908
2204 4910
2205 4916
2206 4914
2207 4900
2208 4903
2209 4915
2210 4912
2211 4904
2212 4907
2213 4914
2214 4907
2215 4917
2216 4921
2217 4917
2218 4907
2219 4905
2220 4899
2221 4909
2222 4914
2223 4907
2224 4898
2225 4895
2226 4885
2227 4881
2228 4872
2229 4870
2230 4884
2231 4887
2232 4867
2233 4859
2234 4860
2235 4856
2236 4847
2237 4837
2238 4816
2239 4785
2240 4769
2241 4765
2242 4742
2243 4727
2244 4724
2245 4703
2246 4694
2247 4677
2248 4670
2249 4664
2250 4666
2251 4640
2252 4638
2253 4634
2254 4628
2255 4605
2256 4611
2257 4607
2258 4600
2259 4582
2260 4572
2261 4558
2262 4539
2263 4544
2264 4551
2265 4550
2266 4533
2267 4519
2268 4518
2269 4529
2270 4531
2271 4523
2272 4517
2273 4525
2274 4519
2275 4497
2276 4497
2277 4483
2278 4470
2279 4466
2280 4444
2281 4443
2282 4445
2283 4458
2284 4465
2285 4469
2286 4484
2287 4481
2288 4472
2289 4475
2290 4486
2291 4487
2292 4503
2293 4498
2294 4506
2295 4519
2296 4530
2297 4533
2298 4526
2299 4538
2300 4554
2301 4567
2302 4574
2303 4560
2304 4570
2305 4591
2306 4601
2307 4632
2308 4656
2309 4657
2310 4670
2311 4683
2312 4701
2313 4732
2314 4763
2315 4758
2316 4770
2317 4772
2318 4785
2319 4790
2320 4799
2321 4787
2322 4783
2323 4777
2324 4800
2325 4819
2326 4809
2327 4806
2328 4811
2329 4816
2330 4819
2331 4822
2332 4816
2333 4805
2334 4813
2335 4818
2336 4819
2337 4814
2338 4811
2339 4816
2340 4813
2341 4815
2342 4821
2343 4806
2344 4807
2345 4794
2346 4816
2347 4806
2348 4805
2349 4807
2350 4815
2351 4844
2352 4843
2353 4866
2354 4876
2355 4857
2356 4875
2357 4867
2358 4882
2359 4886
2360 4898
2361 4905
2362 4910
2363 4937
2364 4944
2365 4937
2366 4944
2367 4938
2368 4961
2369 4938
2370 4951
2371 4946
2372 4957
2373 4963
2374 4972
2375 4986
2376 4989
2377 4991
2378 4990
2379 4998
2380 5016
2381 5011
2382 5015
2383 5021
2384 5015
2385 5030
2386 5039
2387 5046
2388 5045
2389 5045
2390 5065
2391 5082
2392 5090
2393 5082
2394 5089
2395 5071
2396 5062
2397 5060
2398 5064
2399 5064
2400 5050
2401 5053
2402 5044
2403 5038
2404 5020
2405 5010
2406 5011
2407 4993
2408 4982
2409 4962
2410 4934
2411 4916
2412 4890
2413 4867
2414 4851
2415 4837
2416 4817
2417 4799
2418 4779
2419 4781
2420 4774
2421 4756
2422 4739
2423 4721
2424 4676
2425 4665
2426 4664
2427 4667
2428 4655
2429 4641
2430 4643
2431 4636
2432 4610
2433 4610
2434 4581
2435 4563
2436 4544
2437 4543
2438 4530
2439 4522
2440 4509
2441 4499
2442 4468
2443 4473
2444 4461
2445 4460
2446 4440
2447 4430
2448 4412
2449 4386
2450 4381
2451 4360
2452 4357
2453 4314
2454 4292
2455 4276
2456 4279
2457 4265
2458 4246
2459 4246
2460 4239
2461 4236
2462 4222
2463 4231
2464 4244
2465 4230
2466 4220
2467 4206
2468 4207
2469 4221
2470 4214
2471 4217
2472 4210
2473 4208
2474 4212
2475 4206
2476 4191
2477 4187
2478 4169
2479 4163
2480 4149
2481 4147
2482 4153
2483 4146
2484 4140
2485 4130
2486 4105
2487 4104
2488 4131
2489 4167
2490 4163
2491 4151
2492 4158
2493 4186
2494 4211
2495 4217
2496 4208
2497 4219
2498 4218
2499 4236
2500 4234
2501 4242
2502 4259
2503 4238
2504 4226
2505 4229
2506 4232
2507 4244
2508 4240
2509 4262
2510 4235
2511 4242
2512 4256
2513 4256
2514 4279
2515 4288
2516 4296
2517 4309
2518 4316
2519 4324
2520 4312
2521 4312
2522 4331
2523 4346
2524 4350
2525 4348
2526 4365
2527 4394
2528 4385
2529 4384
2530 4402
2531 4397
2532 4386
2533 4404
2534 4398
2535 4409
2536 4406
2537 4392
2538 4381
2539 4378
2540 4369
2541 4375
2542 4384
2543 4383
2544 4351
2545 4353
2546 4363
2547 4382
2548 4397
2549 4403
2550 4407
2551 4414
2552 4422
2553 4414
2554 4421
2555 4435
2556 4447
2557 4437
2558 4445
2559 4463
2560 4476
2561 4483
2562 4479
2563 4474
2564 4485
2565 4485
2566 4481
2567 4478
2568 4491
2569 4500
2570 4518
2571 4526
2572 4528
2573 4547
2574 4531
2575 4533
2576 4528
2577 4513
2578 4512
2579 4527
2580 4550
2581 4535
2582 4518
2583 4526
2584 4524
2585 4523
2586 4530
2587 4542
2588 4551
2589 4575
2590 4582
2591 4587
2592 4588
2593 4597
2594 4603
2595 4619
2596 4635
2597 4635
2598 4657
2599 4657
2600 4681
2601 4683
2602 4697
2603 4711
2604 4723
2605 4729
2606 4747
2607 4756
2608 4767
2609 4760
2610 4769
2611 4779
2612 4772
2613 4782
2614 4788
2615 4803
2616 4829
2617 4827
2618 4845
2619 4852
2620 4859
2621 4865
2622 4874
2623 4873
2624 4892
2625 4906
2626 4904
2627 4903
2628 4926
2629 4928
2630 4927
2631 4938
2632 4937
2633 4944
2634 4948
2635 4960
2636 4960
2637 4970
2638 4990
2639 5002
2640 5008
2641 5018
2642 5041
2643 5047
2644 5040
2645 5041
2646 5048
2647 5054
2648 5048
2649 5070
2650 5074
2651 5074
2652 5075
2653 5079
2654 5088
2655 5088
2656 5094
2657 5104
2658 5105
2659 5115
2660 5131
2661 5138
2662 5154
2663 5151
2664 5152
2665 5182
2666 5175
2667 5185
2668 5171
2669 5173
2670 5185
2671 5213
2672 5210
2673 5197
2674 5198
2675 5217
2676 5219
2677 5216
2678 5228
2679 5239
2680 5249
2681 5257
2682 5269
2683 5258
2684 5245
2685 5248
2686 5267
2687 5265
2688 5274
2689 5277
2690 5291
2691 5293
2692 5299
2693 5292
2694 5277
2695 5275
2696 5280
2697 5277
2698 5296
2699 5296
2700 5280
2701 5273
2702 5271
2703 5267
2704 5265
2705 5259
2706 5260
2707 5251
2708 5228
2709 5231
2710 5222
2711 5219
2712 5194
2713 5185
2714 5166
2715 5166
2716 5158
2717 5159
2718 5158
2719 5145
2720 5134
2721 5122
2722 5101
2723 5072
2724 5068
2725 5059
2726 5070
2727 5061
2728 5055
2729 5048
2730 5050
2731 5045
2732 5026
2733 5007
2734 4983
2735 4955
2736 4936
2737 4918
2738 4916
2739 4924
2740 4908
2741 4904
2742 4897
2743 4894
2744 4905
2745 4891
2746 4902
2747 4894
2748 4872
2749 4880
2750 4868
2751 4852
2752 4832
2753 4835
2754 4818
2755 4826
2756 4822
2757 4818
2758 4809
2759 4789
2760 4789
2761 4790
2762 4788
2763 4773
2764 4765
2765 4768
2766 4762
2767 4770
2768 4773
2769 4764
2770 4758
2771 4753
2772 4766
2773 4758
2774 4753
2775 4757
2776 4733
2777 4724
2778 4743
2779 4716
2780 4706
2781 4717
2782 4714
2783 4715
2784 4720
2785 4724
2786 4726
2787 4720
2788 4715
2789 4703
2790 4698
2791 4678
2792 4661
2793 4646
2794 4655
2795 4662
2796 4677
2797 4668
2798 4661
2799 4652
2800 4648
2801 4651
2802 4663
2803 4668
2804 4677
2805 4671
2806 4669
2807 4671
2808 4655
2809 4657
2810 4655
2811 4661
2812 4676
2813 4677
2814 4669
2815 4663
2816 4669
2817 4669
2818 4661
2819 4651
2820 4666
2821 4685
2822 4693
2823 4701
2824 4690
2825 4688
2826 4705
2827 4703
2828 4702
2829 4687
2830 4694
2831 4685
2832 4663
2833 4653
2834 4630
2835 4629
2836 4623
2837 4619
2838 4615
2839 4602
2840 4609
2841 4611
2842 4602
2843 4597
2844 4603
2845 4605
2846 4626
2847 4624
2848 4606
2849 4612
2850 4604
2851 4605
2852 4597
2853 4601
2854 4606
2855 4615
2856 4629
2857 4633
2858 4652
2859 4660
2860 4666
2861 4672
2862 4679
2863 4688
2864 4678
2865 4689
2866 4703
2867 4723
2868 4725
2869 4734
2870 4720
2871 4714
2872 4730
2873 4724
2874 4737
2875 4761
2876 4774
2877 4769
2878 4773
2879 4775
2880 4794
2881 4807
2882 4782
2883 4785
2884 4798
2885 4806
2886 4807
2887 4816
2888 4829
2889 4826
2890 4816
2891 4811
2892 4796
2893 4813
2894 4788
2895 4791
2896 4797
2897 4783
2898 4786
2899 4782
2900 4757
2901 4746
2902 4738
2903 4729
2904 4730
2905 4725
2906 4730
2907 4702
2908 4682
2909 4680
2910 4670
2911 4673
2912 4663
2913 4662
2914 4681
2915 4669
2916 4663
2917 4648
2918 4650
2919 4635
2920 4618
2921 4603
2922 4606
2923 4603
2924 4582
2925 4582
2926 4563
2927 4549
2928 4543
2929 4537
2930 4522
2931 4518
2932 4523
2933 4507
2934 4503
2935 4481
2936 4464
2937 4444
2938 4423
2939 4436
2940 4451
2941 4434
2942 4439
2943 4435
2944 4421
2945 4423
2946 4415
2947 4413
2948 4402
2949 4414
2950 4426
2951 4417
2952 4410
2953 4394
2954 4359
2955 4359
2956 4353
2957 4343
2958 4354
2959 4336
2960 4331
2961 4326
2962 4327
2963 4309
2964 4306
2965 4303
2966 4320
2967 4313
2968 4304
2969 4289
2970 4299
2971 4293
2972 4297
2973 4288
2974 4274
2975 4274
2976 4261
2977 4271
2978 4267
2979 4254
2980 4245
2981 4243
2982 4249
2983 4252
2984 4258
2985 4266
2986 4260
2987 4266
2988 4266
2989 4264
2990 4271
2991 4285
2992 4296
2993 4286
2994 4281
2995 4289
2996 4299
2997 4307
2998 4312
2999 4308
3000 4291
3001 4297
3002 4305
3003 4313
3004 4325
3005 4327
3006 4325
3007 4324
3008 4336
3009 4314
3010 4301
3011 4282
3012 4298
3013 4302
3014 4320
3015 4314
3016 4335
3017 4351
3018 4348
3019 4354
3020 4363
3021 4350
3022 4339
3023 4337
3024 4339
3025 4345
3026 4361
3027 4368
3028 4378
3029 4371
3030 4361
3031 4368
3032 4369
3033 4356
3034 4355
3035 4357
3036 4345
3037 4345
3038 4353
3039 4371
3040 4378
3041 4365
3042 4371
3043 4389
3044 4379
3045 4395
3046 4393
3047 4409
3048 4426
3049 4432
3050 4435
3051 4423
3052 4419
3053 4423
3054 4427
3055 4431
3056 4445
3057 4469
3058 4472
3059 4495
3060 4508
3061 4516
3062 4529
3063 4544
3064 4578
3065 4576
3066 4597
3067 4590
3068 4602
3069 4614
3070 4622
3071 4626
3072 4636
3073 4652
3074 4663
3075 4670
3076 4695
3077 4713
3078 4723
3079 4729
3080 4736
3081 4757
3082 4784
3083 4803
3084 4822
3085 4839
3086 4846
3087 4844
3088 4864
3089 4868
3090 4879
3091 4894
3092 4919
3093 4934
3094 4945
3095 4953
3096 4981
3097 5013
3098 5028
3099 5058
3100 5063
3101 5067
3102 5061
3103 5077
3104 5092
3105 5111
3106 5109
3107 5125
3108 5127
3109 5145
3110 5148
3111 5168
3112 5179
3113 5182
3114 5188
3115 5200
3116 5214
3117 5225
3118 5237
3119 5244
3120 5261
3121 5274
3122 5292
3123 5305
3124 5318
3125 5324
3126 5341
3127 5358
3128 5362
3129 5369
3130 5373
3131 5375
3132 5374
3133 5391
3134 5397
3135 5408
3136 5389
3137 5394
3138 5387
3139 5388
3140 5393
3141 5404
3142 5420
3143 5421
3144 5418
3145 5423
3146 5419
3147 5436
3148 5454
3149 5462
3150 5475
3151 5455
3152 5442
3153 5459
3154 5459
3155 5471
3156 5477
3157 5472
3158 5464
3159 5467
3160 5458
3161 5442
3162 5430
3163 5419
3164 5411
3165 5417
3166 5404
3167 5380
3168 5382
3169 5379
3170 5380
3171 5346
3172 5340
3173 5337
3174 5316
3175 5310
3176 5312
3177 5309
3178 5315
3179 5292
3180 5294
3181 5279
3182 5258
3183 5222
3184 5206
3185 5194
3186 5170
3187 5152
3188 5136
3189 5116
3190 5103
3191 5080
3192 5042
3193 5034
3194 5015
3195 4990
3196 4971
3197 4939
3198 4917
3199 4897
3200 4875
3201 4854
3202 4821
3203 4816
3204 4811
3205 4794
3206 4770
3207 4760
3208 4751
3209 4746
3210 4723
3211 4710
3212 4685
3213 4669
3214 4648
3215 4615
3216 4587
3217 4565
3218 4550
3219 4545
3220 4542
3221 4533
3222 4521
3223 4496
3224 4490
3225 4481
3226 4457
3227 4468
3228 4464
3229 4478
3230 4491
3231 4482
3232 4491
3233 4478
3234 4482
3235 4463
3236 4454
3237 4447
3238 4427
3239 4421
3240 4413
3241 4396
3242 4365
3243 4365
3244 4364
3245 4367
3246 4374
3247 4363
3248 4378
3249 4378
3250 4375
3251 4368
3252 4395
3253 4386
3254 4393
3255 4416
3256 4410
3257 4431
3258 4434
3259 4441
3260 4451
3261 4468
3262 4486
3263 4501
3264 4494
3265 4508
3266 4528
3267 4551
3268 4547
3269 4537
3270 4553
3271 4576
3272 4591
3273 4599
3274 4612
3275 4624
3276 4631
3277 4632
3278 4640
3279 4665
3280 4668
3281 4683
3282 4692
3283 4706
3284 4704
3285 4722
3286 4741
3287 4752
3288 4766
3289 4773
3290 4764
3291 4776
3292 4802
3293 4820
3294 4832
3295 4846
3296 4848
3297 4865
3298 4882
3299 4879
3300 4888
3301 4908
3302 4912
3303 4912
3304 4912
3305 4931
3306 4914
3307 4920
3308 4919
3309 4931
3310 4943
3311 4954
3312 4958
3313 4952
3314 4933
3315 4928
3316 4936
3317 4948
3318 4963
3319 4971
3320 4982
3321 4985
3322 4976
3323 4977
3324 4983
3325 4979
3326 4975
3327 4973
3328 4976
3329 4980
3330 4973
3331 4976
3332 4981
3333 4969
3334 4971
3335 4959
3336 4958
3337 4945
3338 4938
3339 4939
3340 4936
3341 4924
3342 4935
3343 4936
3344 4943
3345 4950
3346 4948
3347 4938
3348 4969
3349 4971
3350 4969
3351 4969
3352 4967
3353 4962
3354 4958
3355 4940
3356 4932
3357 4926
3358 4926
3359 4920
3360 4916
3361 4904
3362 4895
3363 4874
3364 4843
3365 4826
3366 4813
3367 4811
3368 4811
3369 4798
3370 4788
3371 4776
3372 4763
3373 4755
3374 4751
3375 4753
3376 4739
3377 4738
3378 4729
3379 4736
3380 4724
3381 4692
3382 4674
3383 4650
3384 4630
3385 4619
3386 4606
3387 4614
3388 4586
3389 4581
3390 4584
3391 4561
3392 4538
3393 4521
3394 4509
3395 4509
3396 4498
3397 4489
3398 4492
3399 4461
3400 4433
3401 4437
3402 4426
3403 4408
3404 4387
3405 4355
3406 4335
3407 4321
3408 4311
3409 4299
3410 4294
3411 4291
3412 4280
3413 4286
3414 4268
3415 4251
3416 4230
3417 4214
3418 4210
3419 4201
3420 4190
3421 4179
3422 4188
3423 4182
3424 4196
3425 4194
3426 4193
3427 4180
3428 4189
3429 4166
3430 4163
3431 4160
3432 4157
3433 4141
3434 4151
3435 4155
3436 4152
3437 4131
3438 4142
3439 4165
3440 4161
3441 4169
3442 4176
3443 4175
3444 4189
3445 4168
3446 4158
3447 4156
3448 4145
3449 4131
3450 4138
3451 4127
3452 4120
3453 4124
3454 4123
3455 4109
3456 4097
3457 4087
3458 4105
3459 4113
3460 4128
3461 4136
3462 4158
3463 4152
3464 4169
3465 4172
3466 4163
3467 4165
3468 4172
3469 4171
3470 4180
3471 4183
3472 4185
3473 4201
3474 4194
3475 4203
3476 4216
3477 4251
3478 4239
3479 4248
3480 4241
3481 4255
3482 4254
3483 4263
3484 4260
3485 4287
3486 4310
3487 4304
3488 4312
3489 4323
3490 4346
3491 4357
3492 4359
3493 4358
3494 4356
3495 4374
3496 4392
3497 4420
3498 4417
3499 4435
3500 4435
3501 4445
3502 4462
3503 4503
3504 4503
3505 4513
3506 4522
3507 4531
3508 4527
3509 4548
3510 4569
3511 4587
3512 4610
3513 4618
3514 4630
3515 4636
3516 4649
3517 4654
3518 4665
3519 4674
3520 4682
3521 4715
3522 4740
3523 4740
3524 4744
3525 4753
3526 4752
3527 4758
3528 4776
3529 4789
3530 4787
3531 4797
3532 4779
3533 4785
3534 4774
3535 4775
3536 4768
3537 4767
3538 4780
3539 4792
3540 4802
3541 4795
3542 4781
3543 4778
3544 4764
3545 4768
3546 4776
3547 4796
3548 4822
3549 4833
3550 4834
3551 4830
3552 4848
3553 4855
3554 4869
3555 4870
3556 4888
3557 4897
3558 4909
3559 4900
3560 4908
3561 4907
3562 4916
3563 4928
3564 4917
3565 4896
3566 4905
3567 4912
3568 4935
3569 4933
3570 4925
3571 4918
3572 4918
3573 4912
3574 4916
3575 4911
3576 4918
3577 4921
3578 4919
3579 4940
3580 4939
3581 4928
3582 4921
3583 4933
3584 4938
3585 4921
3586 4904
3587 4915
3588 4922
3589 4921
3590 4911
3591 4915
3592 4909
3593 4888
3594 4887
3595 4870
3596 4846
3597 4809
3598 4802
3599 4793
3600 4778
3601 4763
3602 4767
3603 4746
3604 4754
3605 4735
3606 4752
3607 4733
3608 4723
3609 4725
3610 4723
3611 4716
3612 4705
3613 4696
3614 4703
3615 4711
3616 4715
3617 4705
3618 4686
3619 4691
3620 4699
3621 4683
3622 4688
3623 4697
3624 4711
3625 4718
3626 4719
3627 4712
3628 4693
3629 4718
3630 4723
3631 4707
3632 4710
3633 4711
3634 4706
3635 4703
3636 4692
3637 4702
3638 4692
3639 4701
3640 4707
3641 4731
3642 4735
3643 4740
3644 4736
3645 4729
3646 4734
3647 4718
3648 4720
3649 4725
3650 4726
3651 4738
3652 4753
3653 4751
3654 4771
3655 4798
3656 4791
3657 4788
3658 4813
3659 4826
3660 4831
3661 4816
3662 4808
3663 4800
3664 4815
3665 4825
3666 4830
3667 4850
3668 4844
3669 4843
3670 4851
3671 4836
3672 4822
3673 4831
3674 4841
3675 4845
3676 4846
3677 4856
3678 4858
3679 4861
3680 4846
3681 4832
3682 4831
3683 4831
3684 4858
3685 4869
3686 4876
3687 4889
3688 4880
3689 4892
3690 4884
3691 4872
3692 4867
3693 4876
3694 4878
3695 4868
3696 4868
3697 4861
3698 4854
3699 4857
3700 4864
3701 4845
3702 4852
3703 4862
3704 4850
3705 4857
3706 4835
3707 4834
3708 4805
3709 4799
3710 4792
3711 4787
3712 4785
3713 4784
3714 4780
3715 4782
3716 4775
3717 4774
3718 4781
3719 4769
3720 4773
3721 4761
3722 4743
3723 4739
3724 4728
3725 4731
3726 4733
3727 4734
3728 4715
3729 4720
3730 4717
3731 4727
3732 4716
3733 4717
3734 4730
3735 4738
3736 4749
3737 4754
3738 4747
3739 4743
3740 4741
3741 4741
3742 4725
3743 4722
3744 4725
3745 4711
3746 4698
3747 4690
3748 4673
3749 4677
3750 4699
3751 4705
3752 4716
3753 4713
3754 4705
3755 4700
3756 4706
3757 4720
3758 4719
3759 4724
3760 4738
3761 4728
3762 4731
3763 4729
3764 4727
3765 4719
3766 4707
3767 4703
3768 4710
3769 4702
3770 4697
3771 4674
3772 4664
3773 4673
3774 4660
3775 4671
3776 4695
3777 4713
3778 4719
3779 4721
3780 4731
3781 4742
3782 4753
3783 4752
3784 4761
3785 4780
3786 4760
3787 4768
3788 4772
3789 4768
3790 4771
3791 4781
3792 4782
3793 4792
3794 4788
3795 4798
3796 4788
3797 4789
3798 4775
3799 4763
3800 4780
3801 4764
3802 4766
3803 4756
3804 4787
3805 4786
3806 4782
3807 4782
3808 4780
3809 4766
3810 4767
3811 4765
3812 4755
3813 4766
3814 4764
3815 4769
3816 4755
3817 4768
3818 4784
3819 4778
3820 4773
3821 4776
3822 4800
3823 4819
3824 4827
3825 4847
3826 4836
3827 4839
3828 4836
3829 4838
3830 4848
3831 4844
3832 4854
3833 4870
3834 4875
3835 4880
3836 4890
3837 4900
3838 4922
3839 4917
3840 4932
3841 4924
3842 4921
3843 4915
3844 4910
3845 4910
3846 4905
3847 4914
3848 4903
3849 4893
3850 4888
3851 4877
3852 4879
3853 4878
3854 4866
3855 4859
3856 4843
3857 4829
3858 4828
3859 4804
3860 4832
3861 4835
3862 4827
3863 4821
3864 4833
3865 4830
3866 4839
3867 4815
3868 4809
3869 4789
3870 4793
3871 4779
3872 4772
3873 4757
3874 4750
3875 4751
3876 4733
3877 4715
3878 4704
3879 4685
3880 4674
3881 4662
3882 4646
3883 4637
3884 4639
3885 4636
3886 4626
3887 4617
3888 4592
3889 4575
3890 4575
3891 4575
3892 4569
3893 4556
3894 4550
3895 4538
3896 4549
3897 4556
3898 4562
3899 4546
3900 4550
3901 4528
3902 4521
3903 4519
3904 4524
3905 4522
3906 4510
3907 4503
3908 4518
3909 4501
3910 4505
3911 4509
3912 4502
3913 4504
3914 4495
3915 4493
3916 4498
3917 4498
3918 4489
3919 4457
3920 4455
3921 4443
3922 4432
3923 4428
3924 4417
3925 4411
3926 4403
3927 4404
3928 4390
3929 4396
3930 4397
3931 4390
3932 4370
3933 4366
3934 4340
3935 4356
3936 4354
3937 4362
3938 4368
3939 4377
3940 4386
3941 4377
3942 4393
3943 4382
3944 4367
3945 4352
3946 4326
3947 4315
3948 4309
3949 4306
3950 4320
3951 4314
3952 4322
3953 4335
3954 4347
3955 4364
3956 4378
3957 4393
3958 4401
3959 4415
3960 4419
3961 4419
3962 4444
3963 4454
3964 4447
3965 4449
3966 4464
3967 4478
3968 4486
3969 4476
3970 4476
3971 4482
3972 4482
3973 4485
3974 4502
3975 4501
3976 4501
3977 4489
3978 4507
3979 4508
3980 4535
3981 4530
3982 4531
3983 4543
3984 4564
3985 4569
3986 4574
3987 4613
3988 4593
3989 4586
3990 4584
3991 4586
3992 4608
3993 4614
3994 4626
3995 4641
3996 4644
3997 4640
3998 4636
3999 4643
4000 4635
4001 4641
4002 4662
4003 4692
4004 4722
4005 4725
4006 4729
4007 4724
4008 4728
4009 4727
4010 4726
4011 4717
4012 4716
4013 4721
4014 4726
4015 4736
4016 4730
4017 4734
4018 4723
4019 4743
4020 4746
4021 4756
4022 4757
4023 4759
4024 4752
4025 4762
4026 4755
4027 4765
4028 4789
4029 4800
4030 4794
4031 4780
4032 4790
4033 4794
4034 4805
4035 4823
4036 4826
4037 4826
4038 4827
4039 4842
4040 4843
4041 4842
4042 4852
4043 4852
4044 4856
4045 4869
4046 4879
4047 4881
4048 4904
4049 4900
4050 4908
4051 4894
4052 4897
4053 4884
4054 4884
4055 4887
4056 4899
4057 4912
4058 4908
4059 4917
4060 4923
4061 4928
4062 4928
4063 4922
4064 4930
4065 4931
4066 4945
4067 4957
4068 4979
4069 4997
4070 5003
4071 5011
4072 5029
4073 5039
4074 5058
4075 5060
4076 5063
4077 5061
4078 5054
4079 5073
4080 5105
4081 5101
4082 5105
4083 5109
4084 5120
4085 5107
4086 5113
4087 5126
4088 5146
4089 5136
4090 5151
4091 5150
4092 5151
4093 5174
4094 5170
4095 5178
4096 5192
4097 5191
4098 5171
4099 5184
4100 5177
4101 5169
4102 5172
4103 5166
4104 5161
4105 5165
4106 5141
4107 5160
4108 5165
4109 5166
4110 5163
4111 5159
4112 5143
4113 5117
4114 5099
4115 5097
4116 5098
4117 5082
4118 5073
4119 5086
4120 5066
4121 5068
4122 5062
4123 5050
4124 5034
4125 5027
4126 5020
4127 5011
4128 5005
4129 5006
4130 4993
4131 4981
4132 4946
4133 4957
4134 4940
4135 4934
4136 4951
4137 4957
4138 4953
4139 4938
4140 4909
4141 4887
4142 4865
4143 4851
4144 4833
4145 4820
4146 4805
4147 4785
4148 4780
4149 4753
4150 4737
4151 4722
4152 4710
4153 4693
4154 4689
4155 4685
4156 4683
4157 4672
4158 4653
4159 4644
4160 4634
4161 4625
4162 4628
4163 4622
4164 4617
4165 4608
4166 4602
4167 4589
4168 4570
4169 4574
4170 4555
4171 4558
4172 4554
4173 4553
4174 4557
4175 4561
4176 4566
4177 4562
4178 4560
4179 4552
4180 4548
4181 4570
4182 4558
4183 4567
4184 4552
4185 4542
4186 4560
4187 4556
4188 4556
4189 4570
4190 4567
4191 4553
4192 4546
4193 4556
4194 4560
4195 4555
4196 4539
4197 4548
4198 4553
4199 4557
4200 4560
4201 4557
4202 4549
4203 4551
4204 4562
4205 4550
4206 4550
4207 4560
4208 4560
4209 4556
4210 4562
4211 4570
4212 4579
4213 4581
4214 4591
4215 4602
4216 4598
4217 4602
4218 4603
4219 4591
4220 4590
4221 4607
4222 4607
4223 4617
4224 4625
4225 4636
4226 4663
4227 4693
4228 4689
4229 4679
4230 4672
4231 4689
4232 4706
4233 4706
4234 4719
4235 4715
4236 4710
4237 4710
4238 4727
4239 4728
4240 4735
4241 4735
4242 4733
4243 4730
4244 4723
4245 4702
4246 4699
4247 4702
4248 4695
4249 4679
4250 4668
4251 4654
4252 4661
4253 4652
4254 4651
4255 4649
4256 4640
4257 4646
4258 4640
4259 4652
4260 4651
4261 4639
4262 4644
4263 4646
4264 4631
4265 4634
4266 4638
4267 4646
4268 4652
4269 4668
4270 4667
4271 4674
4272 4672
4273 4673
4274 4661
4275 4659
4276 4663
4277 4659
4278 4641
4279 4637
4280 4627
4281 4630
4282 4619
4283 4628
4284 4622
4285 4621
4286 4606
4287 4607
4288 4589
4289 4584
4290 4590
4291 4586
4292 4562
4293 4559
4294 4548
4295 4535
4296 4543
4297 4555
4298 4567
4299 4567
4300 4559
4301 4569
4302 4551
4303 4547
4304 4561
4305 4566
4306 4553
4307 4552
4308 4549
4309 4543
4310 4548
4311 4548
4312 4540
4313 4561
4314 4564
4315 4578
4316 4598
4317 4587
4318 4578
4319 4576
4320 4579
4321 4606
4322 4624
4323 4630
4324 4642
4325 4653
4326 4646
4327 4638
4328 4655
4329 4651
4330 4649
4331 4642
4332 4657
4333 4661
4334 4669
4335 4669
4336 4680
4337 4675
4338 4680
4339 4690
4340 4687
4341 4683
4342 4687
4343 4704
4344 4702
4345 4683
4346 4692
4347 4687
4348 4702
4349 4698
4350 4706
4351 4703
4352 4711
4353 4709
4354 4721
4355 4713
4356 4720
4357 4724
4358 4728
4359 4707
4360 4713
4361 4705
4362 4700
4363 4716
4364 4739
4365 4705
4366 4663
4367 4661
4368 4668
4369 4660
4370 4644
4371 4626
4372 4616
4373 4605
4374 4579
4375 4543
4376 4538
4377 4522
4378 4518
4379 4493
4380 4486
4381 4479
4382 4469
4383 4467
4384 4457
4385 4451
4386 4426
4387 4424
4388 4413
4389 4398
4390 4391
4391 4365
4392 4369
4393 4362
4394 4347
4395 4338
4396 4317
4397 4332
4398 4341
4399 4333
4400 4330
4401 4322
4402 4320
4403 4327
4404 4321
4405 4312
4406 4293
4407 4290
4408 4289
4409 4284
4410 4279
4411 4268
4412 4264
4413 4263
4414 4271
4415 4285
4416 4291
4417 4296
4418 4286
4419 4298
4420 4288
4421 4303
4422 4303
4423 4314
4424 4323
4425 4332
4426 4321
4427 4330
4428 4345
4429 4353
4430 4372
4431 4364
4432 4369
4433 4382
4434 4395
4435 4411
4436 4420
4437 4407
4438 4421
4439 4424
4440 4423
4441 4427
4442 4401
4443 4398
4444 4410
4445 4415
4446 4435
4447 4463
4448 4478
4449 4489
4450 4498
4451 4515
4452 4531
4453 4554
4454 4554
4455 4556
4456 4565
4457 4588
4458 4588
4459 4594
4460 4608
4461 4620
4462 4611
4463 4624
4464 4624
4465 4638
4466 4640
4467 4649
4468 4651
4469 4674
4470 4684
4471 4702
4472 4710
4473 4720
4474 4721
4475 4722
4476 4713
4477 4718
4478 4729
4479 4726
4480 4733
4481 4754
4482 4780
4483 4789
4484 4797
4485 4808
4486 4815
4487 4814
4488 4815
4489 4823
4490 4822
4491 4824
4492 4827
4493 4818
4494 4847
4495 4855
4496 4857
4497 4852
4498 4866
4499 4855
4500 4874
4501 4879
4502 4878
4503 4878
4504 4886
4505 4902
4506 4905
4507 4930
4508 4939
4509 4947
4510 4968
4511 4974
4512 4989
4513 4991
4514 5001
4515 5021
4516 5037
4517 5030
4518 5022
4519 5027
4520 5041
4521 5058
4522 5051
4523 5037
4524 5043
4525 5060
4526 5052
4527 5038
4528 5038
4529 5049
4530 5042
4531 5034
4532 5019
4533 5013
4534 5010
4535 4994
4536 4988
4537 4984
4538 4962
4539 4951
4540 4960
4541 4972
4542 4980
4543 4999
4544 4996
4545 5011
4546 5016
4547 5031
4548 5028
4549 5024
4550 5050
4551 5049
4552 5048
4553 5053
4554 5064
4555 5034
4556 5036
4557 5045
4558 5045
4559 5067
4560 5071
4561 5063
4562 5059
4563 5060
4564 5078
4565 5085
4566 5108
4567 5088
4568 5091
4569 5086
4570 5085
4571 5084
4572 5071
4573 5101
4574 5090
4575 5090
4576 5083
4577 5091
4578 5087
4579 5087
4580 5093
4581 5098
4582 5090
4583 5097
4584 5092
4585 5081
4586 5082
4587 5065
4588 5046
4589 5039
4590 5036
4591 5023
4592 5018
4593 5022
4594 5025
4595 5020
4596 5030
4597 5029
4598 5023
4599 5027
4600 5011
4601 4993
4602 4980
4603 4968
4604 4962
4605 4954
4606 4961
4607 4952
4608 4924
4609 4930
4610 4916
4611 4927
4612 4925
4613 4916
4614 4920
4615 4932
4616 4947
4617 4966
4618 4973
4619 4979
4620 5006
4621 5013
4622 5015
4623 5009
4624 4995
4625 4982
4626 4993
4627 4981
4628 4977
4629 4984
4630 4983
4631 4987
4632 4998
4633 4999
4634 4998
4635 5003
4636 4996
4637 4989
4638 4968
4639 4978
4640 4958
4641 4958
4642 4960
4643 4940
4644 4951
4645 4938
4646 4903
4647 4880
4648 4864
4649 4845
4650 4830
4651 4825
4652 4789
4653 4773
4654 4755
4655 4734
4656 4715
4657 4699
4658 4679
4659 4656
4660 4644
4661 4622
4662 4606
4663 4606
4664 4592
4665 4580
4666 4564
4667 4542
4668 4526
4669 4513
4670 4507
4671 4518
4672 4502
4673 4515
4674 4516
4675 4522
4676 4502
4677 4484
4678 4490
4679 4501
4680 4500
4681 4477
4682 4482
4683 4469
4684 4463
4685 4453
4686 4421
4687 4444
4688 4452
4689 4444
4690 4457
4691 4461
4692 4467
4693 4466
4694 4469
4695 4489
4696 4502
4697 4519
4698 4525
4699 4525
4700 4524
4701 4538
4702 4555
4703 4563
4704 4543
4705 4546
4706 4550
4707 4558
4708 4571
4709 4585
4710 4583
4711 4593
4712 4588
4713 4580
4714 4607
4715 4611
4716 4605
4717 4600
4718 4602
4719 4612
4720 4618
4721 4614
4722 4621
4723 4625
4724 4617
4725 4625
4726 4637
4727 4641
4728 4638
4729 4637
4730 4642
4731 4650
4732 4659
4733 4673
4734 4686
4735 4699
4736 4708
4737 4722
4738 4738
4739 4729
4740 4740
4741 4730
4742 4729
4743 4728
4744 4745
4745 4765
4746 4794
4747 4789
4748 4798
4749 4796
4750 4802
4751 4793
4752 4782
4753 4782
4754 4795
4755 4787
4756 4790
4757 4780
4758 4777
4759 4779
4760 4782
4761 4787
4762 4787
4763 4778
4764 4778
4765 4778
4766 4777
4767 4782
4768 4777
4769 4778
4770 4780
4771 4783
4772 4768
4773 4770
4774 4778
4775 4799
4776 4790
4777 4766
4778 4768
4779 4750
4780 4741
4781 4736
4782 4714
4783 4719
4784 4709
4785 4692
4786 4679
4787 4671
4788 4658
4789 4646
4790 4624
4791 4618
4792 4604
4793 4590
4794 4572
4795 4571
4796 4560
4797 4521
4798 4522
4799 4518
4800 4498
4801 4480
4802 4489
4803 4455
4804 4455
4805 4450
4806 4449
4807 4422
4808 4412
4809 4388
4810 4356
4811 4340
4812 4322
4813 4299
4814 4279
4815 4252
4816 4227
4817 4186
4818 4177
4819 4156
4820 4149
4821 4154
4822 4147
4823 4129
4824 4127
4825 4115
4826 4103
4827 4103
4828 4116
4829 4131
4830 4107
4831 4105
4832 4095
4833 4058
4834 4060
4835 4055
4836 4041
4837 4029
4838 4019
4839 4037
4840 4020
4841 4008
4842 4003
4843 4009
4844 4010
4845 4015
4846 4010
4847 3989
4848 3985
4849 3991
4850 3993
4851 4003
4852 4017
4853 4041
4854 4047
4855 4061
4856 4084
4857 4082
4858 4076
4859 4086
4860 4083
4861 4077
4862 4078
4863 4090
4864 4097
4865 4088
4866 4110
4867 4143
4868 4145
4869 4161
4870 4167
4871 4164
4872 4166
4873 4182
4874 4187
4875 4186
4876 4202
4877 4215
4878 4234
4879 4221
4880 4250
4881 4259
4882 4258
4883 4236
4884 4260
4885 4272
4886 4287
4887 4298
4888 4320
4889 4351
4890 4355
4891 4371
4892 4377
4893 4384
4894 4377
4895 4408
4896 4423
4897 4447
4898 4479
4899 4481
4900 4492
4901 4510
4902 4508
4903 4530
4904 4547
4905 4567
4906 4587
4907 4600
4908 4615
4909 4630
4910 4639
4911 4634
4912 4657
4913 4663
4914 4670
4915 4685
4916 4700
4917 4704
4918 4703
4919 4713
4920 4737
4921 4740
4922 4732
4923 4735
4924 4741
4925 4762
4926 4780
4927 4791
4928 4796
4929 4800
4930 4808
4931 4818
4932 4825
4933 4817
4934 4831
4935 4833
4936 4841
4937 4846
4938 4856
4939 4868
4940 4879
4941 4913
4942 4909
4943 4931
4944 4940
4945 4955
4946 4950
4947 4944
4948 4941
4949 4949
4950 4947
4951 4944
4952 4949
4953 4961
4954 4978
4955 4991
4956 4994
4957 5007
4958 5008
4959 5017
4960 5027
4961 5025
4962 5034
4963 5031
4964 5017
4965 5020
4966 5025
4967 5036
4968 5025
4969 5040
4970 5056
4971 5062
4972 5067
4973 5080
4974 5070
4975 5061
4976 5049
4977 5044
4978 5056
4979 5062
4980 5063
4981 5054
4982 5067
4983 5047
4984 5047
4985 5024
4986 5022
4987 5023
4988 5029
4989 5040
4990 5050
4991 5057
4992 5058
4993 5075
4994 5085
4995 5096
4996 5107
4997 5116
4998 5126
4999 5138
5000 5162
5001 5165
5002 5163
5003 5161
5004 5157
5005 5146
5006 5150
5007 5158
5008 5183
5009 5188
5010 5190
5011 5215
5012 5217
5013 5231
5014 5249
5015 5245
5016 5243
5017 5260
5018 5257
5019 5272
5020 5267
5021 5264
5022 5266
5023 5274
5024 5276
5025 5282
5026 5281
5027 5277
5028 5290
5029 5294
5030 5309
5031 5294
5032 5296
5033 5297
5034 5287
5035 5287
5036 5299
5037 5311
5038 5323
5039 5325
5040 5315
5041 5321
5042 5310
5043 5310
5044 5301
5045 5279
5046 5253
5047 5242
5048 5245
5049 5247
5050 5247
5051 5249
5052 5241
5053 5240
5054 5237
5055 5223
5056 5234
5057 5239
5058 5230
5059 5238
5060 5240
5061 5238
5062 5247
5063 5242
5064 5250
5065 5262
5066 5264
5067 5281
5068 5291
5069 5275
5070 5269
5071 5283
5072 5303
5073 5315
5074 5319
5075 5329
5076 5331
5077 5341
5078 5329
5079 5337
5080 5349
5081 5338
5082 5345
5083 5347
5084 5337
5085 5355
5086 5355
5087 5339
5088 5316
5089 5308
5090 5305
5091 5301
5092 5292
5093 5285
5094 5284
5095 5290
5096 5285
5097 5273
5098 5263
5099 5248
5100 5240
5101 5252
5102 5234
5103 5232
5104 5228
5105 5203
5106 5217
5107 5219
5108 5208
5109 5208
5110 5194
5111 5181
5112 5173
5113 5177
5114 5174
5115 5178
5116 5161
5117 5156
5118 5128
5119 5117
5120 5114
5121 5101
5122 5090
5123 5063
5124 5053
5125 5041
5126 5035
5127 5041
5128 5032
5129 5021
5130 5040
5131 5024
5132 5004
5133 5003
5134 5016
5135 5017
5136 5004
5137 5003
5138 5016
5139 5024
5140 5011
5141 4992
5142 4976
5143 4964
5144 4946
5145 4930
5146 4927
5147 4903
5148 4882
5149 4885
5150 4864
5151 4852
5152 4839
5153 4835
5154 4812
5155 4802
5156 4801
5157 4783
5158 4757
5159 4744
5160 4718
5161 4716
5162 4717
5163 4729
5164 4732
5165 4730
5166 4708
5167 4703
5168 4688
5169 4670
5170 4669
5171 4650
5172 4658
5173 4641
5174 4632
5175 4613
5176 4596
5177 4593
5178 4586
5179 4580
5180 4574
5181 4570
5182 4559
5183 4562
5184 4567
5185 4567
5186 4573
5187 4559
5188 4533
5189 4522
5190 4527
5191 4535
5192 4530
5193 4536
5194 4542
5195 4550
5196 4558
5197 4539
5198 4544
5199 4551
5200 4544
5201 4541
5202 4540
5203 4536
5204 4557
5205 4551
5206 4534
5207 4536
5208 4559
5209 4570
5210 4584
5211 4598
5212 4608
5213 4626
5214 4645
5215 4658
5216 4655
5217 4650
5218 4653
5219 4662
5220 4677
5221 4681
5222 4682
5223 4682
5224 4690
5225 4682
5226 4700
5227 4703
5228 4710
5229 4715
5230 4719
5231 4713
5232 4716
5233 4717
5234 4729
5235 4739
5236 4739
5237 4736
5238 4761
5239 4787
5240 4787
5241 4779
5242 4791
5243 4781
5244 4789
5245 4801
5246 4816
5247 4828
5248 4829
5249 4853
5250 4866
5251 4877
5252 4891
5253 4905
5254 4907
5255 4917
5256 4938
5257 4946
5258 4963
5259 4950
5260 4955
5261 4960
5262 4957
5263 4969
5264 4973
5265 4965
5266 4972
5267 4984
5268 4993
5269 5001
5270 5005
5271 5010
5272 5026
5273 5028
5274 5055
5275 5061
5276 5075
5277 5067
5278 5065
5279 5060
5280 5038
5281 5045
5282 5053
5283 5052
5284 5063
5285 5061
5286 5061
5287 5062
5288 5050
5289 5065
5290 5060
5291 5052
5292 5035
5293 5042
5294 5058
5295 5065
5296 5072
5297 5091
5298 5100
5299 5116
5300 5120
5301 5125
5302 5128
5303 5145
5304 5144
5305 5138
5306 5146
5307 5156
5308 5154
5309 5138
5310 5121
5311 5116
5312 5110
5313 5108
5314 5101
5315 5076
5316 5075
5317 5084
5318 5079
5319 5055
5320 5052
5321 5045
5322 5032
5323 5017
5324 5003
5325 5005
5326 4986
5327 4969
5328 4946
5329 4938
5330 4934
5331 4936
5332 4916
5333 4902
5334 4891
5335 4856
5336 4838
5337 4814
5338 4809
5339 4779
5340 4760
5341 4732
5342 4716
5343 4720
5344 4707
5345 4685
5346 4658
5347 4626
5348 4621
5349 4616
5350 4608
5351 4587
5352 4566
5353 4566
5354 4521
5355 4497
5356 4472
5357 4453
5358 4428
5359 4420
5360 4412
5361 4413
5362 4410
5363 4394
5364 4391
5365 4381
5366 4367
5367 4372
5368 4342
5369 4345
5370 4349
5371 4348
5372 4352
5373 4350
5374 4317
5375 4304
5376 4337
5377 4339
5378 4332
5379 4340
5380 4356
5381 4365
5382 4343
5383 4324
5384 4321
5385 4315
5386 4324
5387 4315
5388 4303
5389 4291
5390 4288
5391 4278
5392 4306
5393 4306
5394 4313
5395 4298
5396 4286
5397 4272
5398 4263
5399 4248
5400 4263
5401 4284
5402 4286
5403 4293
5404 4307
5405 4314
5406 4304
5407 4305
5408 4292
5409 4284
5410 4302
5411 4287
5412 4285
5413 4303
5414 4305
5415 4307
5416 4323
5417 4322
5418 4316
5419 4318
5420 4324
5421 4316
5422 4315
5423 4324
5424 4338
5425 4362
5426 4374
5427 4378
5428 4366
5429 4374
5430 4370
5431 4374
5432 4366
5433 4375
5434 4392
5435 4390
5436 4396
5437 4406
5438 4398
5439 4404
5440 4412
5441 4416
5442 4428
5443 4422
5444 4440
5445 4442
5446 4448
5447 4456
5448 4438
5449 4426
5450 4439
5451 4439
5452 4428
5453 4457
5454 4429
5455 4438
5456 4436
5457 4439
5458 4464
5459 4459
5460 4467
5461 4462
5462 4468
5463 4465
5464 4467
5465 4472
5466 4475
5467 4462
5468 4445
5469 4450
5470 4473
5471 4493
5472 4495
5473 4503
5474 4505
5475 4514
5476 4540
5477 4542
5478 4535
5479 4544
5480 4551
5481 4558
5482 4543
5483 4563
5484 4559
5485 4553
5486 4554
5487 4558
5488 4560
5489 4565
5490 4575
5491 4577
5492 4578
5493 4595
5494 4598
5495 4592
5496 4595
5497 4610
5498 4611
5499 4618
5500 4627
5501 4662
5502 4663
5503 4664
5504 4671
5505 4686
5506 4692
5507 4695
5508 4689
5509 4708
5510 4718
5511 4734
5512 4725
5513 4726
5514 4741
5515 4729
5516 4741
5517 4750
5518 4748
5519 4740
5520 4738
5521 4748
5522 4751
5523 4761
5524 4776
5525 4792
5526 4815
5527 4805
5528 4812
5529 4815
5530 4814
5531 4803
5532 4782
5533 4794
5534 4807
5535 4808
5536 4813
5537 4816
5538 4814
5539 4826
5540 4836
5541 4839
5542 4844
5543 4862
5544 4871
5545 4874
5546 4880
5547 4876
5548 4873
5549 4873
5550 4877
5551 4880
5552 4895
5553 4903
5554 4901
5555 4902
5556 4912
5557 4917
5558 4945
5559 4937
5560 4941
5561 4961
5562 4969
5563 4981
5564 4985
5565 5002
5566 5018
5567 5017
5568 5032
5569 5039
5570 5054
5571 5045
5572 5020
5573 5032
5574 5041
5575 5051
5576 5065
5577 5087
5578 5078
5579 5076
5580 5091
5581 5088
5582 5088
5583 5105
5584 5104
5585 5101
5586 5086
5587 5087
5588 5101
5589 5100
5590 5089
5591 5086
5592 5085
5593 5078
5594 5071
5595 5057
5596 5032
5597 5034
5598 5032
5599 5034
5600 5038
5601 5026
5602 5028
5603 5013
5604 5019
5605 5026
5606 5038
5607 5057
5608 5061
5609 5055
5610 5069
5611 5055
5612 5029
5613 5034
5614 5052
5615 5042
5616 5032
5617 5028
5618 5027
5619 5009
5620 5016
5621 5015
5622 5010
5623 4993
5624 4978
5625 4966
5626 4964
5627 4966
5628 4960
5629 4960
5630 4959
5631 4955
5632 4932
5633 4944
5634 4920
5635 4912
5636 4907
5637 4895
5638 4880
5639 4857
5640 4853
5641 4825
5642 4820
5643 4802
5644 4790
5645 4772
5646 4769
5647 4767
5648 4763
5649 4745
5650 4738
5651 4712
5652 4710
5653 4702
5654 4688
5655 4684
5656 4676
5657 4662
5658 4657
5659 4642
5660 4632
5661 4615
5662 4619
5663 4607
5664 4602
5665 4591
5666 4596
5667 4581
5668 4582
5669 4574
5670 4559
5671 4550
5672 4512
5673 4499
5674 4485
5675 4460
5676 4449
5677 4449
5678 4465
5679 4453
5680 4453
5681 4458
5682 4458
5683 4484
5684 4485
5685 4497
5686 4503
5687 4510
5688 4503
5689 4496
5690 4497
5691 4494
5692 4509
5693 4516
5694 4529
5695 4528
5696 4534
5697 4541
5698 4551
5699 4547
5700 4561
5701 4579
5702 4601
5703 4602
5704 4615
5705 4611
5706 4631
5707 4651
5708 4680
5709 4696
5710 4719
5711 4720
5712 4726
5713 4737
5714 4752
5715 4770
5716 4770
5717 4795
5718 4806
5719 4797
5720 4800
5721 4805
5722 4807
5723 4808
5724 4810
5725 4811
5726 4806
5727 4819
5728 4810
5729 4807
5730 4810
5731 4810
5732 4811
5733 4807
5734 4814
5735 4831
5736 4834
5737 4844
5738 4846
5739 4845
5740 4841
5741 4850
5742 4858
5743 4856
5744 4864
5745 4867
5746 4837
5747 4850
5748 4845
5749 4857
5750 4851
5751 4844
5752 4831
5753 4839
5754 4834
5755 4850
5756 4854
5757 4845
5758 4865
5759 4853
5760 4843
5761 4843
5762 4833
5763 4820
5764 4830
5765 4826
5766 4829
5767 4837
5768 4845
5769 4859
5770 4845
5771 4840
5772 4833
5773 4835
5774 4843
5775 4828
5776 4810
5777 4812
5778 4799
5779 4794
5780 4771
5781 4774
5782 4752
5783 4757
5784 4741
5785 4738
5786 4741
5787 4722
5788 4716
5789 4706
5790 4700
5791 4670
5792 4673
5793 4650
5794 4661
5795 4649
5796 4621
5797 4597
5798 4589
5799 4586
5800 4566
5801 4567
5802 4559
5803 4553
5804 4550
5805 4526
5806 4512
5807 4480
5808 4488
5809 4457
5810 4448
5811 4426
5812 4426
5813 4394
5814 4376
5815 4347
5816 4328
5817 4307
5818 4296
5819 4277
5820 4281
5821 4261
5822 4233
5823 4241
5824 4233
5825 4228
5826 4227
5827 4228
5828 4217
5829 4218
5830 4221
5831 4200
5832 4199
5833 4187
5834 4193
5835 4204
5836 4210
5837 4212
5838 4207
5839 4227
5840 4226
5841 4224
5842 4226
5843 4216
5844 4214
5845 4218
5846 4204
5847 4218
5848 4226
5849 4240
5850 4234
5851 4241
5852 4248
5853 4256
5854 4254
5855 4259
5856 4278
5857 4272
5858 4288
5859 4287
5860 4291
5861 4276
5862 4296
5863 4308
5864 4332
5865 4354
5866 4361
5867 4367
5868 4372
5869 4386
5870 4389
5871 4412
5872 4402
5873 4426
5874 4435
5875 4450
5876 4477
5877 4482
5878 4504
5879 4532
5880 4528
5881 4532
5882 4534
5883 4543
5884 4543
5885 4562
5886 4585
5887 4588
5888 4578
5889 4575
5890 4580
5891 4575
5892 4564
5893 4562
5894 4573
5895 4589
5896 4598
5897 4590
5898 4591
5899 4591
5900 4632
5901 4640
5902 4641
5903 4651
5904 4655
5905 4647
5906 4671
5907 4655
5908 4664
5909 4673
5910 4680
5911 4673
5912 4685
5913 4686
5914 4696
5915 4703
5916 4693
5917 4700
5918 4707
5919 4719
5920 4710
5921 4701
5922 4704
5923 4719
5924 4744
5925 4750
5926 4760
5927 4767
5928 4772
5929 4759
5930 4760
5931 4762
5932 4767
5933 4757
5934 4758
5935 4770
5936 4778
5937 4769
5938 4777
5939 4805
5940 4818
5941 4815
5942 4826
5943 4827
5944 4824
5945 4824
5946 4822
5947 4814
5948 4821
5949 4828
5950 4829
5951 4825
5952 4846
5953 4869
5954 4885
5955 4893
5956 4900
5957 4906
5958 4909
5959 4915
5960 4915
5961 4916
5962 4905
5963 4908
5964 4914
5965 4921
5966 4931
5967 4924
5968 4931
5969 4934
5970 4926
5971 4935
5972 4930
5973 4945
5974 4955
5975 4962
5976 4965
5977 4973
5978 4967
5979 4968
5980 4982
5981 4985
5982 4993
5983 5004
5984 5020
5985 5022
5986 5021
5987 5027
5988 5033
5989 5024
5990 5022
5991 5012
5992 5014
5993 5007
5994 5000
5995 4997
5996 4981
5997 4976
5998 4964
5999 4975
6000 4964
6001 4954
6002 4950
6003 4943
6004 4947
6005 4936
6006 4938
6007 4943
6008 4955
6009 4951
6010 4959
6011 4947
6012 4940
6013 4918
6014 4914
6015 4912
6016 4917
6017 4899
6018 4898
6019 4912
6020 4925
6021 4924
6022 4942
6023 4940
6024 4959
6025 4965
6026 4962
6027 4972
6028 4987
6029 5004
6030 5006
6031 5022
6032 5031
6033 5041
6034 5052
6035 5057
6036 5043
6037 5037
6038 5035
6039 5021
6040 5024
6041 5019
6042 5021
6043 5039
6044 5046
6045 5052
6046 5061
6047 5081
6048 5078
6049 5075
6050 5081
6051 5068
6052 5058
6053 5046
6054 5047
6055 5043
6056 5045
6057 5043
6058 5050
6059 5058
6060 5055
6061 5037
6062 5038
6063 5031
6064 5028
6065 5033
6066 5045
6067 5038
6068 5031
6069 5019
6070 5009
6071 4988
6072 4996
6073 4983
6074 4990
6075 4979
6076 4955
6077 4930
6078 4926
6079 4921
6080 4912
6081 4917
6082 4928
6083 4922
6084 4920
6085 4907
6086 4887
6087 4880
6088 4878
6089 4874
6090 4876
6091 4864
6092 4855
6093 4846
6094 4833
6095 4828
6096 4816
6097 4807
6098 4806
6099 4803
6100 4785
6101 4788
6102 4773
6103 4771
6104 4771
6105 4750
6106 4734
6107 4730
6108 4746
6109 4731
6110 4733
6111 4734
6112 4735
6113 4710
6114 4698
6115 4702
6116 4703
6117 4705
6118 4713
6119 4708
6120 4699
6121 4676
6122 4664
6123 4667
6124 4653
6125 4665
6126 4659
6127 4647
6128 4644
6129 4650
6130 4644
6131 4624
6132 4610
6133 4614
6134 4603
6135 4611
6136 4610
6137 4613
6138 4599
6139 4588
6140 4578
6141 4585
6142 4576
6143 4561
6144 4541
6145 4550
6146 4549
6147 4540
6148 4530
6149 4516
6150 4544
6151 4535
6152 4547
6153 4537
6154 4520
6155 4511
6156 4514
6157 4514
6158 4522
6159 4520
6160 4523
6161 4536
6162 4535
6163 4530
6164 4521
6165 4517
6166 4528
6167 4517
6168 4514
6169 4508
6170 4503
6171 4496
6172 4495
6173 4507
6174 4497
6175 4495
6176 4474
6177 4488
6178 4488
6179 4485
6180 4481
6181 4473
6182 4491
6183 4501
6184 4528
6185 4524
6186 4524
6187 4540
6188 4540
6189 4536
6190 4526
6191 4544
6192 4565
6193 4577
6194 4579
6195 4580
6196 4578
6197 4573
6198 4569
6199 4568
6200 4559
6201 4540
6202 4548
6203 4532
6204 4541
6205 4543
6206 4542
6207 4551
6208 4557
6209 4570
6210 4570
6211 4570
6212 4572
6213 4570
6214 4573
6215 4571
6216 4572
6217 4559
6218 4548
6219 4543
6220 4553
6221 4542
6222 4554
6223 4556
6224 4561
6225 4582
6226 4581
6227 4590
6228 4602
6229 4615
6230 4626
6231 4645
6232 4637
6233 4656
6234 4662
6235 4667
6236 4659
6237 4671
6238 4665
6239 4660
6240 4645
6241 4651
6242 4666
6243 4671
6244 4667
6245 4670
6246 4679
6247 4693
6248 4725
6249 4715
6250 4716
6251 4716
6252 4699
6253 4703
6254 4718
6255 4738
6256 4733
6257 4725
6258 4722
6259 4733
6260 4732
6261 4725
6262 4722
6263 4720
6264 4726
6265 4720
6266 4718
6267 4728
6268 4737
6269 4744
6270 4755
6271 4741
6272 4739
6273 4725
6274 4705
6275 4698
6276 4693
6277 4693
6278 4690
6279 4678
6280 4656
6281 4644
6282 4625
6283 4612
6284 4584
6285 4577
6286 4575
6287 4570
6288 4558
6289 4560
6290 4557
6291 4531
6292 4523
6293 4514
6294 4498
6295 4484
6296 4474
6297 4458
6298 4444
6299 4412
6300 4393
6301 4375
6302 4351
6303 4334
6304 4324
6305 4300
6306 4282
6307 4256
6308 4257
6309 4229
6310 4203
6311 4177
6312 4185
6313 4173
6314 4179
6315 4175
6316 4159
6317 4166
6318 4173
6319 4173
6320 4183
6321 4177
6322 4157
6323 4138
6324 4146
6325 4140
6326 4138
6327 4151
6328 4170
6329 4180
6330 4200
6331 4215
6332 4220
6333 4223
6334 4233
6335 4224
6336 4246
6337 4237
6338 4235
6339 4236
6340 4251
6341 4256
6342 4237
6343 4234
6344 4241
6345 4244
6346 4245
6347 4244
6348 4266
6349 4277
6350 4294
6351 4309
6352 4330
6353 4346
6354 4377
6355 4379
6356 4391
6357 4397
6358 4407
6359 4420
6360 4435
6361 4445
6362 4451
6363 4452
6364 4460
6365 4479
6366 4481
6367 4502
6368 4513
6369 4526
6370 4537
6371 4545
6372 4568
6373 4578
6374 4582
6375 4574
6376 4586
6377 4607
6378 4627
6379 4635
6380 4647
6381 4659
6382 4657
6383 4640
6384 4637
6385 4633
6386 4626
6387 4628
6388 4639
6389 4658
6390 4684
6391 4685
6392 4682
6393 4687
6394 4688
6395 4692
6396 4710
6397 4708
6398 4725
6399 4726
6400 4736
6401 4733
6402 4747
6403 4753
6404 4768
6405 4772
6406 4762
6407 4765
6408 4753
6409 4761
6410 4775
6411 4800
6412 4797
6413 4808
6414 4812
6415 4810
6416 4815
6417 4827
6418 4828
6419 4838
6420 4854
6421 4842
6422 4837
6423 4856
6424 4858
6425 4859
6426 4869
6427 4865
6428 4870
6429 4875
6430 4889
6431 4899
6432 4907
6433 4906
6434 4906
6435 4904
6436 4920
6437 4932
6438 4942
6439 4940
6440 4945
6441 4948
6442 4956
6443 4959
6444 4976
6445 4988
6446 4968
6447 4974
6448 4966
6449 4968
6450 4982
6451 4983
6452 4984
6453 4992
6454 4979
6455 4972
6456 4963
6457 4971
6458 4981
6459 4984
6460 4993
6461 4992
6462 4999
6463 5005
6464 4986
6465 4977
6466 4979
6467 4968
6468 4996
6469 4996
6470 4994
6471 4986
6472 4977
6473 4997
6474 4986
6475 4986
6476 5001
6477 4997
6478 5001
6479 4982
6480 4979
6481 4967
6482 4950
6483 4958
6484 4961
6485 4955
6486 4943
6487 4936
6488 4920
6489 4901
6490 4896
6491 4892
6492 4902
6493 4886
6494 4894
6495 4896
6496 4900
6497 4903
6498 4891
6499 4883
6500 4895
6501 4902
6502 4904
6503 4896
6504 4904
6505 4899
6506 4886
6507 4893
6508 4908
6509 4912
6510 4922
6511 4919
6512 4923
6513 4910
6514 4919
6515 4909
6516 4943
6517 4942
6518 4960
6519 4950
6520 4956
6521 4963
6522 4974
6523 4988
6524 4979
6525 4975
6526 4971
6527 4953
6528 4936
6529 4936
6530 4919
6531 4923
6532 4923
6533 4936
6534 4935
6535 4927
6536 4932
6537 4944
6538 4936
6539 4939
6540 4934
6541 4931
6542 4935
6543 4915
6544 4915
6545 4910
6546 4897
6547 4908
6548 4914
6549 4914
6550 4910
6551 4895
6552 4885
6553 4881
6554 4871
6555 4864
6556 4871
6557 4856
6558 4858
6559 4858
6560 4853
6561 4836
6562 4808
6563 4816
6564 4816
6565 4799
6566 4806
6567 4781
6568 4754
6569 4746
6570 4743
6571 4755
6572 4730
6573 4726
6574 4716
6575 4711
6576 4718
6577 4733
6578 4725
6579 4714
6580 4717
6581 4725
6582 4735
6583 4744
6584 4750
6585 4756
6586 4758
6587 4766
6588 4775
6589 4796
6590 4808
6591 4819
6592 4837
6593 4832
6594 4835
6595 4838
6596 4841
6597 4832
6598 4824
6599 4815
6600 4815
6601 4822
6602 4812
6603 4825
6604 4832
6605 4832
6606 4833
6607 4835
6608 4837
6609 4836
6610 4826
6611 4841
6612 4853
6613 4841
6614 4853
6615 4855
6616 4860
6617 4862
6618 4855
6619 4853
6620 4841
6621 4849
6622 4840
6623 4828
6624 4818
6625 4804
6626 4797
6627 4803
6628 4808
6629 4811
6630 4804
6631 4796
6632 4798
6633 4793
6634 4769
6635 4747
6636 4732
6637 4733
6638 4734
6639 4714
6640 4710
6641 4715
6642 4720
6643 4716
6644 4711
6645 4699
6646 4702
6647 4683
6648 4666
6649 4653
6650 4646
6651 4640
6652 4640
6653 4646
6654 4656
6655 4649
6656 4656
6657 4653
6658 4658
6659 4676
6660 4685
6661 4690
6662 4706
6663 4721
6664 4736
6665 4734
6666 4734
6667 4739
6668 4746
6669 4754
6670 4768
6671 4777
6672 4783
6673 4773
6674 4777
6675 4781
6676 4773
6677 4767
6678 4774
6679 4771
6680 4747
6681 4733
6682 4736
6683 4726
6684 4735
6685 4738
6686 4742
6687 4738
6688 4733
6689 4728
6690 4728
6691 4729
6692 4711
6693 4710
6694 4701
6695 4692
6696 4694
6697 4690
6698 4689
6699 4694
6700 4694
6701 4699
6702 4682
6703 4683
6704 4679
6705 4670
6706 4665
6707 4649
6708 4621
6709 4617
6710 4594
6711 4557
6712 4530
6713 4521
6714 4507
6715 4492
6716 4491
6717 4469
6718 4470
6719 4468
6720 4456
6721 4461
6722 4455
6723 4441
6724 4428
6725 4413
6726 4396
6727 4403
6728 4394
6729 4383
6730 4369
6731 4366
6732 4347
6733 4324
6734 4313
6735 4308
6736 4302
6737 4310
6738 4289
6739 4268
6740 4280
6741 4286
6742 4270
6743 4272
6744 4286
6745 4278
6746 4270
6747 4284
6748 4295
6749 4276
6750 4261
6751 4259
6752 4266
6753 4276
6754 4291
6755 4298
6756 4310
6757 4325
6758 4350
6759 4358
6760 4346
6761 4371
6762 4366
6763 4363
6764 4375
6765 4362
6766 4370
6767 4372
6768 4371
6769 4373
6770 4394
6771 4382
6772 4372
6773 4374
6774 4382
6775 4394
6776 4404
6777 4392
6778 4408
6779 4414
6780 4408
6781 4423
6782 4448
6783 4460
6784 4463
6785 4468
6786 4459
6787 4462
6788 4462
6789 4457
6790 4445
6791 4444
6792 4460
6793 4468
6794 4468
6795 4458
6796 4477
6797 4474
6798 4451
6799 4456
6800 4460
6801 4429
6802 4433
6803 4425
6804 4409
6805 4415
6806 4414
6807 4410
6808 4410
6809 4407
6810 4412
6811 4422
6812 4414
6813 4424
6814 4424
6815 4415
6816 4414
6817 4400
6818 4418
6819 4409
6820 4417
6821 4418
6822 4437
6823 4439
6824 4441
6825 4460
6826 4484
6827 4491
6828 4508
6829 4535
6830 4529
6831 4546
6832 4565
6833 4552
6834 4547
6835 4550
6836 4563
6837 4544
6838 4550
6839 4559
6840 4551
6841 4561
6842 4555
6843 4561
6844 4564
6845 4575
6846 4587
6847 4600
6848 4625
6849 4633
6850 4638
6851 4639
6852 4647
6853 4664
6854 4680
6855 4694
6856 4691
6857 4685
6858 4677
6859 4699
6860 4691
6861 4697
6862 4689
6863 4676
6864 4686
6865 4698
6866 4723
6867 4726
6868 4718
6869 4713
6870 4705
6871 4709
6872 4698
6873 4701
6874 4705
6875 4697
6876 4693
6877 4686
6878 4687
6879 4690
6880 4679
6881 4667
6882 4668
6883 4688
6884 4688
6885 4708
6886 4729
6887 4737
6888 4754
6889 4770
6890 4779
6891 4793
6892 4796
6893 4802
6894 4812
6895 4823
6896 4830
6897 4843
6898 4837
6899 4857
6900 4860
6901 4865
6902 4887
6903 4878
6904 4891
6905 4917
6906 4910
6907 4921
6908 4942
6909 4951
6910 4941
6911 4945
6912 4941
6913 4928
6914 4937
6915 4952
6916 4947
6917 4935
6918 4947
6919 4950
6920 4930
6921 4916
6922 4896
6923 4894
6924 4865
6925 4862
6926 4836
6927 4838
6928 4826
6929 4788
6930 4787
6931 4785
6932 4785
6933 4782
6934 4790
6935 4792
6936 4783
6937 4763
6938 4770
6939 4763
6940 4769
6941 4753
6942 4738
6943 4738
6944 4730
6945 4742
6946 4742
6947 4727
6948 4722
6949 4728
6950 4720
6951 4724
6952 4743
6953 4738
6954 4736
6955 4757
6956 4786
6957 4797
6958 4822
6959 4830
6960 4829
6961 4854
6962 4860
6963 4883
6964 4903
6965 4917
6966 4933
6967 4929
6968 4909
6969 4922
6970 4921
6971 4922
6972 4940
6973 4932
6974 4924
6975 4936
6976 4953
6977 4969
6978 4959
6979 4985
6980 4987
6981 4976
6982 4985
6983 4993
6984 5000
6985 5006
6986 4983
6987 4990
6988 4988
6989 4976
6990 4981
6991 4957
6992 4943
6993 4940
6994 4941
6995 4940
6996 4923
6997 4937
6998 4938
6999 4953
7000 4942
7001 4933
7002 4927
7003 4950
7004 4954
7005 4954
7006 4938
7007 4926
7008 4888
7009 4889
7010 4885
7011 4858
7012 4853
7013 4837
7014 4834
7015 4828
7016 4815
7017 4803
7018 4803
7019 4804
7020 4802
7021 4795
7022 4785
7023 4783
7024 4793
7025 4791
7026 4768
7027 4768
7028 4731
7029 4703
7030 4709
7031 4695
7032 4693
7033 4675
7034 4687
7035 4678
7036 4677
7037 4688
7038 4686
7039 4694
7040 4689
7041 4684
7042 4688
7043 4690
7044 4686
7045 4677
7046 4646
7047 4634
7048 4629
7049 4620
7050 4621
7051 4637
7052 4626
7053 4617
7054 4621
7055 4613
7056 4625
7057 4621
7058 4612
7059 4620
7060 4637
7061 4617
7062 4612
7063 4602
7064 4604
7065 4607
7066 4600
7067 4613
7068 4601
7069 4593
7070 4585
7071 4583
7072 4579
7073 4579
7074 4563
7075 4573
7076 4555
7077 4548
7078 4536
7079 4526
7080 4506
7081 4519
7082 4519
7083 4515
7084 4514
7085 4515
7086 4520
7087 4522
7088 4528
7089 4535
7090 4528
7091 4550
7092 4546
7093 4527
7094 4524
7095 4533
7096 4535
7097 4519
7098 4523
7099 4522
7100 4527
7101 4545
7102 4555
7103 4572
7104 4584
7105 4596
7106 4587
7107 4600
7108 4620
7109 4624
7110 4630
7111 4630
7112 4627
7113 4654
7114 4656
7115 4668
7116 4689
7117 4720
7118 4726
7119 4737
7120 4729
7121 4711
7122 4713
7123 4711
7124 4709
7125 4699
7126 4706
7127 4717
7128 4715
7129 4715
7130 4711
7131 4714
7132 4725
7133 4727
7134 4743
7135 4748
7136 4755
7137 4752
7138 4743
7139 4728
7140 4750
7141 4763
7142 4737
7143 4717
7144 4707
7145 4698
7146 4704
7147 4706
7148 4705
7149 4704
7150 4710
7151 4720
7152 4734
7153 4734
7154 4740
7155 4752
7156 4754
7157 4777
7158 4770
7159 4783
7160 4780
7161 4807
7162 4798
7163 4798
7164 4806
7165 4808
7166 4802
7167 4810
7168 4799
7169 4801
7170 4807
7171 4819
7172 4819
7173 4827
7174 4818
7175 4825
7176 4834
7177 4822
7178 4811
7179 4801
7180 4808
7181 4806
7182 4811
7183 4790
7184 4770
7185 4758
7186 4730
7187 4734
7188 4719
7189 4714
7190 4701
7191 4700
7192 4659
7193 4654
7194 4621
7195 4597
7196 4593
7197 4586
7198 4551
7199 4534
7200 4508
7201 4491
7202 4460
7203 4449
7204 4434
7205 4422
7206 4394
7207 4388
7208 4353
7209 4323
7210 4294
7211 4275
7212 4261
7213 4244
7214 4231
7215 4211
7216 4201
7217 4183
7218 4174
7219 4174
7220 4142
7221 4125
7222 4118
7223 4097
7224 4122
7225 4111
7226 4108
7227 4096
7228 4069
7229 4065
7230 4050
7231 4053
7232 4050
7233 4053
7234 4053
7235 4046
7236 4044
7237 4033
7238 4035
7239 4027
7240 4019
7241 3992
7242 3999
7243 3995
7244 3986
7245 3979
7246 3987
7247 3990
7248 3993
7249 4005
7250 4018
7251 4026
7252 4025
7253 4008
7254 4006
7255 4001
7256 4009
7257 4006
7258 4010
7259 4010
7260 4018
7261 4016
7262 4005
7263 4010
7264 3999
7265 4037
7266 4036
7267 4031
7268 4041
7269 4060
7270 4071
7271 4071
7272 4081
7273 4097
7274 4103
7275 4142
7276 4154
7277 4175
7278 4198
7279 4194
7280 4209
7281 4212
7282 4221
7283 4244
7284 4266
7285 4271
7286 4288
7287 4321
7288 4331
7289 4350
7290 4380
7291 4391
7292 4411
7293 4437
7294 4451
7295 4463
7296 4478
7297 4486
7298 4485
7299 4512
7300 4543
7301 4556
7302 4576
7303 4591
7304 4601
7305 4631
7306 4646
7307 4673
7308 4669
7309 4685
7310 4702
7311 4712
7312 4743
7313 4752
7314 4766
7315 4776
7316 4805
7317 4808
7318 4822
7319 4827
7320 4833
7321 4841
7322 4854
7323 4871
7324 4894
7325 4906
7326 4923
7327 4953
7328 4970
7329 4973
7330 5000
7331 5004
7332 5000
7333 5018
7334 5012
7335 5026
7336 5051
7337 5073
7338 5088
7339 5103
7340 5113
7341 5125
7342 5137
7343 5148
7344 5156
7345 5171
7346 5178
7347 5179
7348 5195
7349 5198
7350 5200
7351 5203
7352 5216
7353 5229
7354 5228
7355 5233
7356 5246
7357 5238
7358 5242
7359 5246
7360 5265
7361 5282
7362 5283
7363 5282
7364 5287
7365 5286
7366 5293
7367 5294
7368 5291
7369 5293
7370 5294
7371 5293
7372 5279
7373 5276
7374 5273
7375 5264
7376 5261
7377 5262
7378 5238
7379 5250
7380 5250
7381 5256
7382 5256
7383 5269
7384 5271
7385 5282
7386 5277
7387 5272
7388 5293
7389 5284
7390 5292
7391 5288
7392 5285
7393 5298
7394 5298
7395 5301
7396 5289
7397 5287
7398 5300
7399 5294
7400 5308
7401 5300
7402 5298
7403 5302
7404 5318
7405 5323
7406 5335
7407 5320
7408 5331
7409 5329
7410 5328
7411 5338
7412 5310
7413 5296
7414 5302
7415 5308
7416 5301
7417 5317
7418 5318
7419 5308
7420 5308
7421 5302
7422 5297
7423 5294
7424 5289
7425 5288
7426 5296
7427 5295
7428 5292
7429 5290
7430 5291
7431 5304
7432 5306
7433 5311
7434 5321
7435 5318
7436 5313
7437 5324
7438 5338
7439 5334
7440 5323
7441 5315
7442 5320
7443 5316
7444 5310
7445 5309
7446 5303
7447 5306
7448 5295
7449 5303
7450 5280
7451 5273
7452 5280
7453 5275
7454 5276
7455 5277
7456 5297
7457 5286
7458 5272
7459 5267
7460 5272
7461 5268
7462 5281
7463 5277
7464 5277
7465 5285
7466 5280
7467 5267
7468 5265
7469 5263
7470 5260
7471 5270
7472 5270
7473 5290
7474 5279
7475 5278
7476 5287
7477 5293
7478 5286
7479 5293
7480 5280
7481 5289
7482 5282
7483 5259
7484 5263
7485 5277
7486 5282
7487 5292
7488 5302
7489 5302
7490 5308
7491 5288
7492 5289
7493 5260
7494 5265
7495 5255
7496 5268
7497 5273
7498 5271
7499 5265
7500 5256
7501 5251
7502 5248
7503 5243
7504 5252
7505 5254
7506 5257
7507 5260
7508 5250
7509 5263
7510 5272
7511 5269
7512 5261
7513 5265
7514 5249
7515 5249
7516 5247
7517 5252
7518 5243
7519 5244
7520 5236
7521 5230
7522 5234
7523 5241
7524 5241
7525 5219
7526 5219
7527 5229
7528 5214
7529 5197
7530 5194
7531 5175
7532 5168
7533 5158
7534 5140
7535 5139
7536 5132
7537 5139
7538 5137
7539 5139
7540 5128
7541 5119
7542 5120
7543 5127
7544 5137
7545 5141
7546 5133
7547 5143
7548 5137
7549 5144
7550 5137
7551 5160
7552 5144
7553 5134
7554 5137
7555 5134
7556 5136
7557 5104
7558 5089
7559 5072
7560 5069
7561 5064
7562 5063
7563 5074
7564 5059
7565 5041
7566 5029
7567 5030
7568 5023
7569 5012
7570 5012
7571 4998
7572 4963
7573 4944
7574 4948
7575 4921
7576 4911
7577 4908
7578 4895
7579 4890
7580 4865
7581 4830
7582 4817
7583 4802
7584 4805
7585 4796
7586 4793
7587 4769
7588 4744
7589 4739
7590 4719
7591 4721
7592 4717
7593 4704
7594 4710
7595 4712
7596 4698
7597 4695
7598 4687
7599 4681
7600 4678
7601 4674
7602 4654
7603 4642
7604 4633
7605 4639
7606 4635
7607 4627
7608 4617
7609 4629
7610 4632
7611 4641
7612 4635
7613 4633
7614 4627
7615 4613
7616 4618
7617 4615
7618 4615
7619 4603
7620 4595
7621 4608
7622 4605
7623 4618
7624 4619
7625 4640
7626 4653
7627 4661
7628 4692
7629 4701
7630 4710
7631 4715
7632 4723
7633 4728
7634 4744
7635 4736
7636 4749
7637 4752
7638 4739
7639 4744
7640 4743
7641 4760
7642 4772
7643 4780
7644 4783
7645 4773
7646 4786
7647 4799
7648 4806
7649 4814
7650 4815
7651 4818
7652 4825
7653 4832
7654 4842
7655 4865
7656 4879
7657 4898
7658 4906
7659 4912
7660 4917
7661 4935
7662 4932
7663 4938
7664 4936
7665 4936
7666 4952
7667 4979
7668 4984
7669 5002
7670 5016
7671 5022
7672 5029
7673 5016
7674 5018
7675 5012
7676 5006
7677 5021
7678 5018
7679 5025
7680 5046
7681 5063
7682 5090
7683 5091
7684 5105
7685 5100
7686 5089
7687 5085
7688 5069
7689 5053
7690 5064
7691 5082
7692 5078
7693 5076
7694 5067
7695 5065
7696 5070
7697 5087
7698 5077
7699 5079
7700 5083
7701 5089
7702 5098
7703 5102
7704 5104
7705 5104
7706 5114
7707 5125
7708 5135
7709 5139
7710 5136
7711 5135
7712 5131
7713 5129
7714 5137
7715 5122
7716 5116
7717 5129
7718 5125
7719 5130
7720 5126
7721 5097
7722 5079
7723 5067
7724 5078
7725 5083
7726 5101
7727 5097
7728 5101
7729 5095
7730 5074
7731 5055
7732 5020
7733 5013
7734 4994
7735 4980
7736 4963
7737 4953
7738 4933
7739 4929
7740 4906
7741 4891
7742 4890
7743 4868
7744 4832
7745 4824
7746 4801
7747 4786
7748 4777
7749 4758
7750 4748
7751 4712
7752 4697
7753 4674
7754 4665
7755 4661
7756 4649
7757 4626
7758 4601
7759 4594
7760 4582
7761 4569
7762 4541
7763 4547
7764 4536
7765 4516
7766 4490
7767 4484
7768 4454
7769 4438
7770 4432
7771 4439
7772 4432
7773 4435
7774 4405
7775 4380
7776 4351
7777 4333
7778 4308
7779 4307
7780 4278
7781 4281
7782 4257
7783 4249
7784 4239
7785 4211
7786 4185
7787 4161
7788 4157
7789 4166
7790 4164
7791 4168
7792 4157
7793 4164
7794 4166
7795 4181
7796 4174
7797 4188
7798 4180
7799 4172
7800 4181
7801 4179
7802 4173
7803 4164
7804 4178
7805 4149
7806 4146
7807 4140
7808 4162
7809 4149
7810 4170
7811 4163
7812 4161
7813 4150
7814 4162
7815 4182
7816 4173
7817 4166
7818 4178
7819 4177
7820 4165
7821 4184
7822 4206
7823 4222
7824 4222
7825 4219
7826 4207
7827 4209
7828 4225
7829 4224
7830 4214
7831 4223
7832 4217
7833 4222
7834 4242
7835 4263
7836 4267
7837 4273
7838 4284
7839 4271
7840 4279
7841 4304
7842 4313
7843 4328
7844 4340
7845 4342
7846 4342
7847 4373
7848 4374
7849 4384
7850 4403
7851 4416
7852 4427
7853 4437
7854 4432
7855 4418
7856 4432
7857 4437
7858 4451
7859 4457
7860 4473
7861 4507
7862 4509
7863 4519
7864 4513
7865 4500
7866 4494
7867 4509
7868 4482
7869 4488
7870 4501
7871 4517
7872 4522
7873 4531
7874 4542
7875 4543
7876 4540
7877 4542
7878 4542
7879 4551
7880 4553
7881 4548
7882 4559
7883 4572
7884 4582
7885 4566
7886 4551
7887 4560
7888 4568
7889 4583
7890 4581
7891 4600
7892 4620
7893 4646
7894 4641
7895 4648
7896 4660
7897 4666
7898 4668
7899 4675
7900 4692
7901 4705
7902 4713
7903 4714
7904 4735
7905 4732
7906 4752
7907 4753
7908 4762
7909 4765
7910 4749
7911 4735
7912 4730
7913 4735
7914 4717
7915 4717
7916 4732
7917 4746
7918 4758
7919 4748
7920 4755
7921 4758
7922 4762
7923 4767
7924 4759
7925 4783
7926 4792
7927 4801
7928 4803
7929 4795
7930 4789
7931 4805
7932 4814
7933 4817
7934 4838
7935 4864
7936 4878
7937 4888
7938 4886
7939 4892
7940 4918
7941 4919
7942 4941
7943 4939
7944 4948
7945 4944
7946 4939
7947 4938
7948 4942
7949 4958
7950 4962
7951 4982
7952 4988
7953 4989
7954 5001
7955 5021
7956 5017
7957 5034
7958 5035
7959 5027
7960 5056
7961 5068
7962 5075
7963 5076
7964 5094
7965 5095
7966 5100
7967 5103
7968 5098
7969 5098
7970 5100
7971 5099
7972 5111
7973 5114
7974 5117
7975 5115
7976 5114
7977 5116
7978 5117
7979 5106
7980 5096
7981 5099
7982 5111
7983 5102
7984 5102
7985 5097
7986 5090
7987 5094
7988 5084
7989 5079
7990 5061
7991 5053
7992 5059
7993 5055
7994 5048
7995 5044
7996 5048
7997 5033
7998 5032
7999 5023
8000 5020
8001 5025
8002 5027
8003 5027
8004 5018
8005 5004
8006 4990
8007 4964
8008 4948
8009 4932
8010 4936
8011 4924
8012 4905
8013 4894
8014 4905
8015 4887
8016 4877
8017 4864
8018 4850
8019 4843
8020 4834
8021 4821
8022 4812
8023 4809
8024 4803
8025 4823
8026 4827
8027 4838
8028 4843
8029 4832
8030 4831
8031 4839
8032 4847
8033 4842
8034 4837
8035 4834
8036 4832
8037 4811
8038 4809
8039 4820
8040 4828
8041 4815
8042 4811
8043 4791
8044 4797
8045 4779
8046 4764
8047 4766
8048 4748
8049 4742
8050 4740
8051 4728
8052 4738
8053 4746
8054 4751
8055 4743
8056 4734
8057 4719
8058 4712
8059 4714
8060 4676
8061 4673
8062 4665
8063 4661
8064 4629
8065 4618
8066 4602
8067 4599
8068 4603
8069 4602
8070 4592
8071 4578
8072 4555
8073 4538
8074 4529
8075 4518
8076 4507
8077 4509
8078 4508
8079 4493
8080 4503
8081 4503
8082 4507
8083 4509
8084 4496
8085 4480
8086 4486
8087 4486
8088 4493
8089 4499
8090 4508
8091 4531
8092 4530
8093 4548
8094 4551
8095 4549
8096 4547
8097 4559
8098 4569
8099 4589
8100 4577
8101 4583
8102 4582
8103 4596
8104 4622
8105 4622
8106 4626
8107 4634
8108 4645
8109 4645
8110 4666
8111 4658
8112 4669
8113 4689
8114 4686
8115 4701
8116 4708
8117 4721
8118 4727
8119 4734
8120 4747
8121 4760
8122 4762
8123 4770
8124 4784
8125 4795
8126 4808
8127 4803
8128 4805
8129 4832
8130 4830
8131 4853
8132 4855
8133 4847
8134 4853
8135 4842
8136 4858
8137 4869
8138 4867
8139 4872
8140 4873
8141 4891
8142 4886
8143 4893
8144 4902
8145 4910
8146 4932
8147 4942
8148 4951
8149 4947
8150 4953
8151 4957
8152 4970
8153 4965
8154 4962
8155 4956
8156 4968
8157 4978
8158 4990
8159 4977
8160 4963
8161 4974
8162 4964
8163 4962
8164 4976
8165 4978
8166 4993
8167 4990
8168 4972
8169 4952
8170 4950
8171 4935
8172 4935
8173 4937
8174 4937
8175 4933
8176 4934
8177 4920
8178 4901
8179 4895
8180 4894
8181 4876
8182 4862
8183 4856
8184 4867
8185 4842
8186 4836
8187 4833
8188 4828
8189 4814
8190 4814
8191 4781
8192 4775
8193 4759
8194 4742
8195 4740
8196 4718
8197 4708
8198 4705
8199 4708
8200 4704
8201 4698
8202 4686
8203 4695
8204 4697
8205 4673
8206 4660
8207 4649
8208 4643
8209 4625
8210 4626
8211 4623
8212 4623
8213 4614
8214 4603
8215 4580
8216 4568
8217 4555
8218 4566
8219 4553
8220 4540
8221 4503
8222 4491
8223 4493
8224 4456
8225 4455
8226 4454
8227 4441
8228 4443
8229 4423
8230 4407
8231 4380
8232 4348
8233 4343
8234 4333
8235 4327
8236 4287
8237 4286
8238 4269
8239 4267
8240 4265
8241 4266
8242 4278
8243 4284
8244 4255
8245 4261
8246 4254
8247 4239
8248 4224
8249 4235
8250 4245
8251 4243
8252 4247
8253 4227
8254 4224
8255 4226
8256 4232
8257 4249
8258 4251
8259 4264
8260 4244
8261 4237
8262 4238
8263 4251
8264 4271
8265 4259
8266 4266
8267 4272
8268 4276
8269 4282
8270 4294
8271 4304
8272 4312
8273 4310
8274 4299
8275 4320
8276 4321
8277 4320
8278 4309
8279 4313
8280 4333
8281 4334
8282 4347
8283 4353
8284 4355
8285 4355
8286 4352
8287 4356
8288 4368
8289 4362
8290 4352
8291 4362
8292 4332
8293 4337
8294 4342
8295 4344
8296 4345
8297 4350
8298 4354
8299 4355
8300 4346
8301 4359
8302 4357
8303 4364
8304 4351
8305 4355
8306 4367
8307 4370
8308 4372
8309 4389
8310 4397
8311 4405
8312 4415
8313 4410
8314 4433
8315 4442
8316 4429
8317 4429
8318 4433
8319 4437
8320 4431
8321 4416
8322 4439
8323 4464
8324 4456
8325 4461
8326 4455
8327 4463
8328 4456
8329 4464
8330 4468
8331 4462
8332 4473
8333 4478
8334 4475
8335 4475
8336 4474
8337 4468
8338 4479
8339 4508
8340 4509
8341 4501
8342 4499
8343 4496
8344 4500
8345 4512
8346 4514
8347 4521
8348 4525
8349 4525
8350 4523
8351 4547
8352 4560
8353 4559
8354 4551
8355 4559
8356 4574
8357 4580
8358 4582
8359 4576
8360 4594
8361 4594
8362 4598
8363 4598
8364 4605
8365 4614
8366 4624
8367 4625
8368 4621
8369 4624
8370 4632
8371 4642
8372 4661
8373 4675
8374 4691
8375 4708
8376 4739
8377 4759
8378 4772
8379 4788
8380 4788
8381 4803
8382 4817
8383 4809
8384 4802
8385 4827
8386 4833
8387 4839
8388 4850
8389 4877
8390 4882
8391 4889
8392 4889
8393 4888
8394 4902
8395 4919
8396 4924
8397 4931
8398 4933
8399 4936
8400 4945
8401 4945
8402 4951
8403 4959
8404 4967
8405 4963
8406 4955
8407 4951
8408 4934
8409 4930
8410 4928
8411 4927
8412 4929
8413 4919
8414 4947
8415 4961
8416 4953
8417 4947
8418 4962
8419 4978
8420 4980
8421 5005
8422 5004
8423 5025
8424 5033
8425 5042
8426 5053
8427 5068
8428 5073
8429 5084
8430 5094
8431 5117
8432 5119
8433 5126
8434 5126
8435 5140
8436 5149
8437 5150
8438 5166
8439 5162
8440 5158
8441 5148
8442 5131
8443 5144
8444 5138
8445 5136
8446 5127
8447 5131
8448 5148
8449 5145
8450 5166
8451 5155
8452 5155
8453 5155
8454 5154
8455 5147
8456 5150
8457 5139
8458 5128
8459 5118
8460 5106
8461 5109
8462 5093
8463 5101
8464 5099
8465 5093
8466 5105
8467 5087
8468 5084
8469 5077
8470 5078
8471 5058
8472 5065
8473 5068
8474 5066
8475 5051
8476 5056
8477 5061
8478 5047
8479 5040
8480 5043
8481 5044
8482 5056
8483 5061
8484 5055
8485 5017
8486 5018
8487 5035
8488 5028
8489 5027
8490 5012
8491 5008
8492 4979
8493 4968
8494 4954
8495 4943
8496 4942
8497 4940
8498 4950
8499 4948
8500 4949
8501 4948
8502 4957
8503 4974
8504 4961
8505 4953
8506 4941
8507 4921
8508 4913
8509 4909
8510 4897
8511 4879
8512 4878
8513 4881
8514 4860
8515 4849
8516 4852
8517 4840
8518 4831
8519 4818
8520 4819
8521 4823
8522 4809
8523 4835
8524 4870
8525 4859
8526 4857
8527 4850
8528 4852
8529 4847
8530 4825
8531 4816
8532 4796
8533 4775
8534 4772
8535 4771
8536 4753
8537 4737
8538 4737
8539 4716
8540 4723
8541 4717
8542 4723
8543 4720
8544 4699
8545 4683
8546 4675
8547 4671
8548 4680
8549 4687
8550 4674
8551 4673
8552 4658
8553 4654
8554 4637
8555 4633
8556 4631
8557 4628
8558 4643
8559 4646
8560 4650
8561 4654
8562 4659
8563 4654
8564 4656
8565 4654
8566 4648
8567 4649
8568 4661
8569 4665
8570 4673
8571 4689
8572 4707
8573 4716
8574 4718
8575 4724
8576 4734
8577 4739
8578 4757
8579 4763
8580 4778
8581 4782
8582 4783
8583 4784
8584 4777
8585 4777
8586 4787
8587 4805
8588 4806
8589 4792
8590 4794
8591 4791
8592 4794
8593 4793
8594 4794
8595 4806
8596 4806
8597 4803
8598 4797
8599 4775
8600 4774
8601 4773
8602 4792
8603 4777
8604 4798
8605 4785
8606 4758
8607 4752
8608 4753
8609 4738
8610 4743
8611 4731
8612 4743
8613 4741
8614 4744
8615 4769
8616 4775
8617 4764
8618 4752
8619 4771
8620 4763
8621 4735
8622 4720
8623 4706
8624 4698
8625 4671
8626 4657
8627 4666
8628 4673
8629 4664
8630 4661
8631 4647
8632 4653
8633 4655
8634 4656
8635 4659
8636 4657
8637 4658
8638 4647
8639 4658
8640 4668
8641 4673
8642 4697
8643 4697
8644 4699
8645 4684
8646 4704
8647 4718
8648 4712
8649 4719
8650 4743
8651 4752
8652 4756
8653 4760
8654 4750
8655 4753
8656 4750
8657 4773
8658 4758
8659 4765
8660 4758
8661 4747
8662 4760
8663 4762
8664 4764
8665 4756
8666 4764
8667 4776
8668 4790
8669 4787
8670 4779
8671 4786
8672 4778
8673 4767
8674 4750
8675 4763
8676 4760
8677 4765
8678 4758
8679 4739
8680 4733
8681 4739
8682 4732
8683 4735
8684 4725
8685 4710
8686 4718
8687 4713
8688 4720
8689 4724
8690 4716
8691 4719
8692 4724
8693 4715
8694 4710
8695 4721
8696 4723
8697 4728
8698 4722
8699 4721
8700 4722
8701 4730
8702 4717
8703 4721
8704 4729
8705 4720
8706 4732
8707 4728
8708 4720
8709 4716
8710 4698
8711 4698
8712 4693
8713 4681
8714 4673
8715 4657
8716 4626
8717 4602
8718 4602
8719 4603
8720 4588
8721 4561
8722 4550
8723 4538
8724 4541
8725 4530
8726 4541
8727 4521
8728 4486
8729 4475
8730 4461
8731 4443
8732 4419
8733 4399
8734 4388
8735 4364
8736 4345
8737 4356
8738 4354
8739 4330
8740 4313
8741 4301
8742 4295
8743 4278
8744 4276
8745 4251
8746 4245
8747 4233
8748 4222
8749 4244
8750 4231
8751 4243
8752 4226
8753 4229
8754 4221
8755 4204
8756 4208
8757 4203
8758 4212
8759 4213
8760 4228
8761 4241
8762 4244
8763 4243
8764 4244
8765 4233
8766 4242
8767 4222
8768 4220
8769 4214
8770 4214
8771 4210
8772 4217
8773 4233
8774 4231
8775 4233
8776 4247
8777 4273
8778 4270
8779 4271
8780 4298
8781 4318
8782 4340
8783 4378
8784 4411
8785 4429
8786 4437
8787 4469
8788 4482
8789 4500
8790 4514
8791 4527
8792 4527
8793 4502
8794 4514
8795 4514
8796 4515
8797 4516
8798 4527
8799 4530
8800 4536
8801 4527
8802 4535
8803 4533
8804 4543
8805 4552
8806 4550
8807 4537
8808 4539
8809 4523
8810 4526
8811 4531
8812 4520
8813 4510
8814 4556
8815 4561
8816 4569
8817 4559
8818 4560
8819 4565
8820 4571
8821 4578
8822 4578
8823 4593
8824 4578
8825 4582
8826 4579
8827 4576
8828 4550
8829 4559
8830 4546
8831 4538
8832 4542
8833 4530
8834 4532
8835 4538
8836 4536
8837 4543
8838 4543
8839 4571
8840 4567
8841 4583
8842 4579
8843 4585
8844 4584
8845 4582
8846 4574
8847 4573
8848 4582
8849 4574
8850 4580
8851 4571
8852 4584
8853 4591
8854 4620
8855 4611
8856 4601
8857 4628
8858 4624
8859 4630
8860 4629
8861 4626
8862 4640
8863 4629
8864 4628
8865 4626
8866 4614
8867 4619
8868 4622
8869 4615
8870 4606
8871 4601
8872 4583
8873 4591
8874 4594
8875 4587
8876 4582
8877 4568
8878 4572
8879 4567
8880 4580
8881 4587
8882 4588
8883 4604
8884 4592
8885 4581
8886 4589
8887 4579
8888 4597
8889 4604
8890 4605
8891 4630
8892 4645
8893 4644
8894 4665
8895 4672
8896 4685
8897 4696
8898 4704
8899 4713
8900 4710
8901 4721
8902 4728
8903 4744
8904 4757
8905 4792
8906 4805
8907 4810
8908 4827
8909 4851
8910 4865
8911 4891
8912 4899
8913 4912
8914 4937
8915 4952
8916 4958
8917 4973
8918 4975
8919 4984
8920 5000
8921 5017
8922 5030
8923 5035
8924 5055
8925 5071
8926 5082
8927 5090
8928 5106
8929 5129
8930 5146
8931 5152
8932 5161
8933 5169
8934 5181
8935 5201
8936 5213
8937 5211
8938 5244
8939 5260
8940 5271
8941 5280
8942 5281
8943 5283
8944 5295
8945 5300
8946 5281
8947 5289
8948 5302
8949 5311
8950 5304
8951 5309
8952 5306
8953 5303
8954 5315
8955 5322
8956 5321
8957 5303
8958 5300
8959 5310
8960 5319
8961 5331
8962 5320
8963 5326
8964 5313
8965 5313
8966 5309
8967 5313
8968 5312
8969 5305
8970 5302
8971 5283
8972 5261
8973 5241
8974 5217
8975 5205
8976 5203
8977 5210
8978 5183
8979 5172
8980 5159
8981 5165
8982 5154
8983 5138
8984 5138
8985 5120
8986 5108
8987 5094
8988 5081
8989 5064
8990 5043
8991 5026
8992 5008
8993 4989
8994 4993
8995 4976
8996 4948
8997 4954
8998 4973
8999 4946
9000 4931
9001 4906
9002 4887
9003 4875
9004 4869
9005 4847
9006 4854
9007 4837
9008 4827
9009 4816
9010 4794
9011 4786
9012 4767
9013 4766
9014 4752
9015 4733
9016 4717
9017 4704
9018 4691
9019 4699
9020 4699
9021 4692
9022 4691
9023 4677
9024 4665
9025 4665
9026 4648
9027 4654
9028 4643
9029 4648
9030 4647
9031 4658
9032 4658
9033 4652
9034 4661
9035 4647
9036 4662
9037 4627
9038 4616
9039 4615
9040 4631
9041 4644
9042 4650
9043 4669
9044 4670
9045 4641
9046 4635
9047 4634
9048 4638
9049 4627
9050 4622
9051 4616
9052 4628
9053 4645
9054 4638
9055 4660
9056 4666
9057 4671
9058 4658
9059 4644
9060 4646
9061 4618
9062 4631
9063 4634
9064 4618
9065 4618
9066 4604
9067 4614
9068 4612
9069 4595
9070 4590
9071 4606
9072 4605
9073 4597
9074 4601
9075 4588
9076 4583
9077 4584
9078 4603
9079 4600
9080 4597
9081 4583
9082 4596
9083 4588
9084 4595
9085 4585
9086 4599
9087 4586
9088 4592
9089 4602
9090 4595
9091 4604
9092 4603
9093 4594
9094 4585
9095 4588
9096 4590
9097 4593
9098 4608
9099 4608
9100 4605
9101 4600
9102 4606
9103 4608
9104 4601
9105 4619
9106 4612
9107 4610
9108 4640
9109 4635
9110 4628
9111 4622
9112 4630
9113 4627
9114 4633
9115 4656
9116 4659
9117 4663
9118 4674
9119 4670
9120 4680
9121 4686
9122 4695
9123 4709
9124 4714
9125 4718
9126 4724
9127 4746
9128 4761
9129 4757
9130 4770
9131 4774
9132 4761
9133 4786
9134 4809
9135 4808
9136 4831
9137 4855
9138 4859
9139 4863
9140 4857
9141 4873
9142 4883
9143 4879
9144 4875
9145 4883
9146 4885
9147 4895
9148 4904
9149 4912
9150 4918
9151 4913
9152 4913
9153 4906
9154 4899
9155 4900
9156 4908
9157 4907
9158 4913
9159 4918
9160 4913
9161 4905
9162 4906
9163 4916
9164 4906
9165 4906
9166 4898
9167 4905
9168 4903
9169 4911
9170 4912
9171 4917
9172 4918
9173 4934
9174 4939
9175 4934
9176 4935
9177 4920
9178 4917
9179 4926
9180 4908
9181 4882
9182 4872
9183 4876
9184 4866
9185 4847
9186 4839
9187 4816
9188 4805
9189 4790
9190 4762
9191 4734
9192 4700
9193 4660
9194 4637
9195 4623
9196 4583
9197 4549
9198 4519
9199 4511
9200 4505
9201 4478
9202 4452
9203 4450
9204 4436
9205 4390
9206 4374
9207 4347
9208 4358
9209 4340
9210 4328
9211 4311
9212 4301
9213 4284
9214 4253
9215 4231
9216 4220
9217 4213
9218 4200
9219 4208
9220 4202
9221 4190
9222 4206
9223 4194
9224 4203
9225 4201
9226 4200
9227 4202
9228 4188
9229 4181
9230 4174
9231 4168
9232 4174
9233 4188
9234 4206
9235 4221
9236 4200
9237 4215
9238 4207
9239 4204
9240 4212
9241 4229
9242 4244
9243 4254
9244 4276
9245 4308
9246 4323
9247 4348
9248 4362
9249 4363
9250 4377
9251 4403
9252 4416
9253 4414
9254 4419
9255 4418
9256 4404
9257 4408
9258 4416
9259 4436
9260 4460
9261 4480
9262 4483
9263 4483
9264 4496
9265 4520
9266 4520
9267 4529
9268 4541
9269 4541
9270 4534
9271 4539
9272 4531
9273 4556
9274 4566
9275 4565
9276 4572
9277 4575
9278 4587
9279 4584
9280 4593
9281 4607
9282 4595
9283 4607
9284 4597
9285 4608
9286 4609
9287 4610
9288 4630
9289 4629
9290 4634
9291 4653
9292 4651
9293 4660
9294 4673
9295 4664
9296 4667
9297 4686
9298 4673
9299 4672
9300 4667
9301 4660
9302 4652
9303 4668
9304 4679
9305 4672
9306 4669
9307 4687
9308 4701
9309 4706
9310 4702
9311 4708
9312 4708
9313 4712
9314 4714
9315 4712
9316 4726
9317 4728
9318 4729
9319 4717
9320 4700
9321 4714
9322 4715
9323 4716
9324 4718
9325 4727
9326 4732
9327 4732
9328 4744
9329 4755
9330 4752
9331 4766
9332 4770
9333 4762
9334 4761
9335 4768
9336 4777
9337 4798
9338 4817
9339 4811
9340 4805
9341 4804
9342 4793
9343 4802
9344 4799
9345 4805
9346 4810
9347 4813
9348 4804
9349 4798
9350 4788
9351 4799
9352 4808
9353 4793
9354 4800
9355 4797
9356 4791
9357 4792
9358 4789
9359 4781
9360 4773
9361 4772
9362 4767
9363 4784
9364 4793
9365 4814
9366 4829
9367 4827
9368 4844
9369 4866
9370 4888
9371 4892
9372 4901
9373 4913
9374 4916
9375 4929
9376 4933
9377 4950
9378 4956
9379 4966
9380 4965
9381 4975
9382 4971
9383 4976
9384 4987
9385 4981
9386 4998
9387 5014
9388 5016
9389 5020
9390 5046
9391 5041
9392 5051
9393 5047
9394 5041
9395 5038
9396 5031
9397 5038
9398 5041
9399 5041
9400 5048
9401 5029
9402 5023
9403 5019
9404 5000
9405 4988
9406 4979
9407 4965
9408 4972
9409 4967
9410 4946
9411 4922
9412 4926
9413 4904
9414 4911
9415 4900
9416 4885
9417 4878
9418 4872
9419 4845
9420 4844
9421 4818
9422 4800
9423 4795
9424 4785
9425 4765
9426 4772
9427 4776
9428 4774
9429 4767
9430 4752
9431 4731
9432 4716
9433 4724
9434 4710
9435 4700
9436 4684
9437 4683
9438 4654
9439 4648
9440 4646
9441 4644
9442 4655
9443 4643
9444 4651
9445 4663
9446 4660
9447 4663
9448 4648
9449 4650
9450 4650
9451 4657
9452 4652
9453 4653
9454 4634
9455 4638
9456 4625
9457 4636
9458 4642
9459 4652
9460 4650
9461 4658
9462 4658
9463 4677
9464 4690
9465 4669
9466 4660
9467 4675
9468 4681
9469 4678
9470 4686
9471 4693
9472 4709
9473 4723
9474 4718
9475 4715
9476 4723
9477 4743
9478 4751
9479 4751
9480 4756
9481 4785
9482 4800
9483 4807
9484 4787
9485 4793
9486 4809
9487 4801
9488 4807
9489 4815
9490 4817
9491 4820
9492 4830
9493 4844
9494 4848
9495 4846
9496 4852
9497 4864
9498 4850
9499 4848
9500 4857
9501 4861
9502 4854
9503 4843
9504 4828
9505 4833
9506 4826
9507 4838
9508 4840
9509 4849
9510 4845
9511 4858
9512 4859
9513 4848
9514 4868
9515 4871
9516 4875
9517 4880
9518 4891
9519 4881
9520 4883
9521 4890
9522 4885
9523 4874
9524 4878
9525 4868
9526 4863
9527 4855
9528 4814
9529 4810
9530 4809
9531 4810
9532 4802
9533 4783
9534 4772
9535 4768
9536 4750
9537 4757
9538 4758
9539 4743
9540 4722
9541 4726
9542 4739
9543 4755
9544 4740
9545 4746
9546 4755
9547 4751
9548 4763
9549 4748
9550 4752
9551 4755
9552 4752
9553 4744
9554 4736
9555 4720
9556 4721
9557 4711
9558 4708
9559 4722
9560 4724
9561 4702
9562 4705
9563 4704
9564 4700
9565 4703
9566 4686
9567 4690
9568 4689
9569 4687
9570 4691
9571 4701
9572 4698
9573 4698
9574 4690
9575 4686
9576 4676
9577 4682
9578 4698
9579 4703
9580 4702
9581 4704
9582 4700
9583 4696
9584 4689
9585 4701
9586 4686
9587 4694
9588 4683
9589 4687
9590 4686
9591 4677
9592 4681
9593 4637
9594 4646
9595 4656
9596 4653
9597 4635
9598 4636
9599 4660
9600 4640
9601 4620
9602 4614
9603 4604
9604 4608
9605 4613
9606 4626
9607 4625
9608 4621
9609 4608
9610 4597
9611 4585
9612 4574
9613 4568
9614 4567
9615 4553
9616 4549
9617 4541
9618 4526
9619 4517
9620 4514
9621 4508
9622 4509
9623 4505
9624 4508
9625 4496
9626 4503
9627 4502
9628 4496
9629 4490
9630 4488
9631 4492
9632 4498
9633 4507
9634 4497
9635 4499
9636 4486
9637 4495
9638 4508
9639 4510
9640 4511
9641 4499
9642 4511
9643 4500
9644 4485
9645 4482
9646 4494
9647 4477
9648 4464
9649 4456
9650 4455
9651 4453
9652 4451
9653 4435
9654 4428
9655 4434
9656 4432
9657 4428
9658 4436
9659 4412
9660 4413
9661 4399
9662 4397
9663 4392
9664 4379
9665 4368
9666 4367
9667 4341
9668 4319
9669 4305
9670 4277
9671 4273
9672 4262
9673 4251
9674 4240
9675 4240
9676 4249
9677 4234
9678 4223
9679 4227
9680 4234
9681 4226
9682 4235
9683 4238
9684 4237
9685 4239
9686 4234
9687 4239
9688 4231
9689 4202
9690 4207
9691 4193
9692 4194
9693 4217
9694 4219
9695 4211
9696 4210
9697 4201
9698 4215
9699 4203
9700 4223
9701 4236
9702 4241
9703 4240
9704 4246
9705 4239
9706 4248
9707 4246
9708 4233
9709 4233
9710 4231
9711 4261
9712 4273
9713 4274
9714 4283
9715 4302
9716 4310
9717 4315
9718 4339
9719 4346
9720 4351
9721 4344
9722 4350
9723 4354
9724 4358
9725 4351
9726 4361
9727 4355
9728 4357
9729 4378
9730 4384
9731 4404
9732 4413
9733 4412
9734 4423
9735 4432
9736 4439
9737 4443
9738 4460
9739 4479
9740 4511
9741 4513
9742 4523
9743 4541
9744 4568
9745 4602
9746 4616
9747 4633
9748 4639
9749 4655
9750 4671
9751 4680
9752 4680
9753 4681
9754 4683
9755 4693
9756 4695
9757 4705
9758 4711
9759 4723
9760 4736
9761 4756
9762 4750
9763 4759
9764 4762
9765 4760
9766 4766
9767 4770
9768 4780
9769 4782
9770 4787
9771 4799
9772 4802
9773 4788
9774 4781
9775 4793
9776 4817
9777 4821
9778 4810
9779 4810
9780 4815
9781 4815
9782 4814
9783 4812
9784 4785
9785 4775
9786 4770
9787 4759
9788 4759
9789 4749
9790 4740
9791 4753
9792 4766
9793 4758
9794 4760
9795 4771
9796 4772
9797 4784
9798 4794
9799 4789
9800 4793
9801 4766
9802 4778
9803 4773
9804 4765
9805 4753
9806 4746
9807 4742
9808 4755
9809 4767
9810 4766
9811 4766
9812 4781
9813 4797
9814 4802
9815 4785
9816 4778
9817 4788
9818 4778
9819 4799
9820 4794
9821 4811
9822 4817
9823 4818
9824 4823
9825 4841
9826 4837
9827 4823
9828 4823
9829 4817
9830 4821
9831 4837
9832 4813
9833 4821
9834 4830
9835 4823
9836 4826
9837 4831
9838 4836
9839 4839
9840 4859
9841 4858
9842 4857
9843 4862
9844 4881
9845 4885
9846 4901
9847 4911
9848 4916
9849 4909
9850 4918
9851 4925
9852 4921
9853 4934
9854 4946
9855 4949
9856 4940
9857 4921
9858 4925
9859 4924
9860 4932
9861 4927
9862 4926
9863 4916
9864 4920
9865 4894
9866 4901
9867 4891
9868 4891
9869 4902
9870 4899
9871 4904
9872 4892
9873 4892
9874 4907
9875 4896
9876 4882
9877 4874
9878 4868
9879 4860
9880 4856
9881 4856
9882 4861
9883 4850
9884 4847
9885 4841
9886 4815
9887 4819
9888 4829
9889 4824
9890 4830
9891 4840
9892 4836
9893 4836
9894 4836
9895 4836
9896 4837
9897 4834
9898 4820
9899 4810
9900 4805
9901 4780
9902 4787
9903 4782
9904 4780
9905 4760
9906 4769
9907 4765
9908 4776
9909 4774
9910 4779
9911 4768
9912 4756
9913 4747
9914 4746
9915 4745
9916 4748
9917 4742
9918 4734
9919 4746
9920 4747
9921 4739
9922 4744
9923 4763
9924 4761
9925 4745
9926 4747
9927 4728
9928 4735
9929 4717
9930 4726
9931 4722
9932 4721
9933 4715
9934 4725
9935 4726
9936 4734
9937 4760
9938 4785
9939 4787
9940 4796
9941 4803
9942 4823
9943 4832
9944 4836
9945 4842
9946 4848
9947 4871
9948 4890
9949 4895
9950 4900
9951 4909
9952 4897
9953 4890
9954 4895
9955 4906
9956 4922
9957 4928
9958 4944
9959 4948
9960 4941
9961 4946
9962 4949
9963 4949
9964 4953
9965 4940
9966 4942
9967 4938
9968 4958
9969 4978
9970 4993
9971 4991
9972 4990
9973 4981
9974 4971
9975 4974
9976 4972
9977 4991
9978 5013
9979 5010
9980 5005
9981 4992
9982 4982
9983 4998
9984 4993
9985 5004
9986 5000
9987 4990
9988 4969
9989 4979
9990 4953
9991 4967
9992 4943
9993 4938
9994 4929
9995 4925
9996 4919
9997 4902
9998 4910
9999 4915
